,hue,repeated_ensemble,performance,model,dataset_name,level,repeat,multikfold,seed,val_score
0,test_performance_singlemodelFalse,False,0.7635571980799457,HistGradientBoostingClassifier,53,0,1,True,95,0.7467767295597485
1,test_performance_singlemodelFalse,False,0.7551609426107643,RandomForestClassifier,53,0,1,True,95,0.7403558901790034
2,test_performance_singlemodelFalse,False,0.6888935792872011,DecisionTreeClassifier,53,0,1,True,95,0.6826000846637639
3,test_performance_singlemodelFalse,False,0.788470912450618,LinearDiscriminantAnalysis,53,0,1,True,95,0.7770054729075956
4,test_performance_singlemodelFalse,False,0.7708487319994903,GradientBoostingClassifier,53,0,1,True,95,0.7357197931785195
5,test_performance_singlemodelFalse,False,0.6262048128796567,MLPClassifier,53,0,1,True,95,0.5337687469762942
6,test_performance_singlemodelFalse,False,0.7751643409370885,EnsembleSelection,53,0,1,True,95,0.7894442428640542
7,test_performance_singlemodelFalse,True,,EnsembleSelection,53,0,1,True,95,
8,test_performance_singlemodelFalse,False,0.8129385964912281,HistGradientBoostingClassifier,53,1,1,True,95,0.7677809022738268
9,test_performance_singlemodelFalse,False,0.8324951680047576,RandomForestClassifier,53,1,1,True,95,0.7678512034349299
10,test_performance_singlemodelFalse,False,0.7928728070175439,DecisionTreeClassifier,53,1,1,True,95,0.7345791001451378
11,test_performance_singlemodelFalse,False,0.8104087018393442,LinearDiscriminantAnalysis,53,1,1,True,95,0.7737708635703919
12,test_performance_singlemodelFalse,False,0.7906795590671594,GradientBoostingClassifier,53,1,1,True,95,0.7548205430575714
13,test_performance_singlemodelFalse,False,0.7300666921541141,MLPClassifier,53,1,1,True,95,0.6815130624092889
14,test_performance_singlemodelFalse,False,0.8324168472027527,EnsembleSelection,53,1,1,True,95,0.7913983127721336
15,test_performance_singlemodelFalse,True,,EnsembleSelection,53,1,1,True,95,
16,test_performance_singlemodelFalse,False,0.7645987319994902,HistGradientBoostingClassifier,53,2,1,True,95,0.7445338957426221
17,test_performance_singlemodelFalse,False,0.7753130177137759,RandomForestClassifier,53,2,1,True,95,0.7672600689404934
18,test_performance_singlemodelFalse,False,0.7663140903105221,DecisionTreeClassifier,53,2,1,True,95,0.7303512034349298
19,test_performance_singlemodelFalse,False,0.8216322055137846,LinearDiscriminantAnalysis,53,2,1,True,95,0.7768157353652636
20,test_performance_singlemodelFalse,False,0.7826045516333207,GradientBoostingClassifier,53,2,1,True,95,0.7767053701015965
21,test_performance_singlemodelFalse,False,0.7272081156280532,MLPClassifier,53,2,1,True,95,0.7215975749879052
22,test_performance_singlemodelFalse,False,0.8175595238095239,EnsembleSelection,53,2,1,True,95,0.7831057994678277
23,test_performance_singlemodelFalse,True,,EnsembleSelection,53,2,1,True,95,
24,test_performance_singlemodelFalse,False,0.7934130878042565,HistGradientBoostingClassifier,53,3,1,True,95,0.7631334663763909
25,test_performance_singlemodelFalse,False,0.8112622658340767,RandomForestClassifier,53,3,1,True,95,0.7709557934204161
26,test_performance_singlemodelFalse,False,0.7561321205556264,DecisionTreeClassifier,53,3,1,True,95,0.7380540940977263
27,test_performance_singlemodelFalse,False,0.8223291279045071,LinearDiscriminantAnalysis,53,3,1,True,95,0.7820543057571359
28,test_performance_singlemodelFalse,False,0.7935617645809439,GradientBoostingClassifier,53,3,1,True,95,0.7552310111272376
29,test_performance_singlemodelFalse,False,0.7546283611571301,MLPClassifier,53,3,1,True,95,0.6939964320270924
30,test_performance_singlemodelFalse,False,0.8178648421902213,EnsembleSelection,53,3,1,True,95,0.7807019533139816
31,test_performance_singlemodelFalse,True,,EnsembleSelection,53,3,1,True,95,
32,test_performance_singlemodelFalse,False,0.7749293785310734,HistGradientBoostingClassifier,53,4,1,True,95,0.7538786586840833
33,test_performance_singlemodelFalse,False,0.8015584512127778,RandomForestClassifier,53,4,1,True,95,0.7734700048379293
34,test_performance_singlemodelFalse,False,0.7486839450320717,DecisionTreeClassifier,53,4,1,True,95,0.7198151003870343
35,test_performance_singlemodelFalse,False,0.8241068773628988,LinearDiscriminantAnalysis,53,4,1,True,95,0.7899469339622641
36,test_performance_singlemodelFalse,False,0.7795423410220466,GradientBoostingClassifier,53,4,1,True,95,0.7479189344460571
37,test_performance_singlemodelFalse,False,0.7402876895628903,MLPClassifier,53,4,1,True,95,0.6742644835510402
38,test_performance_singlemodelFalse,False,0.8241851981649038,EnsembleSelection,53,4,1,True,95,0.7930719339622642
39,test_performance_singlemodelFalse,True,,EnsembleSelection,53,4,1,True,95,
40,test_performance_singlemodelFalse,False,0.775156376109766,HistGradientBoostingClassifier,53,5,1,True,95,0.7543291908563134
41,test_performance_singlemodelFalse,False,0.8020987319994903,RandomForestClassifier,53,5,1,True,95,0.7645455370101597
42,test_performance_singlemodelFalse,False,0.7580665116180281,DecisionTreeClassifier,53,5,1,True,95,0.712115233430092
43,test_performance_singlemodelFalse,False,0.8196505564759355,LinearDiscriminantAnalysis,53,5,1,True,95,0.7727496069182389
44,test_performance_singlemodelFalse,False,0.7756886920691559,GradientBoostingClassifier,53,5,1,True,95,0.7435829402515723
45,test_performance_singlemodelFalse,False,0.7538531179644026,MLPClassifier,53,5,1,True,95,0.7024575169327527
46,test_performance_singlemodelFalse,False,0.8106436642453592,EnsembleSelection,53,5,1,True,95,0.7820044146105467
47,test_performance_singlemodelFalse,True,,EnsembleSelection,53,5,1,True,95,
48,test_performance_singlemodelFalse,False,0.7814143409370885,HistGradientBoostingClassifier,53,6,1,True,95,0.7354098633284953
49,test_performance_singlemodelFalse,False,0.7708487319994903,RandomForestClassifier,53,6,1,True,95,0.6541674225931302
50,test_performance_singlemodelFalse,False,0.7378754088611359,DecisionTreeClassifier,53,6,1,True,95,0.6894797714078374
51,test_performance_singlemodelFalse,False,0.8107140202200416,LinearDiscriminantAnalysis,53,6,1,True,95,0.7503250483792936
52,test_performance_singlemodelFalse,False,0.7842336243150247,GradientBoostingClassifier,53,6,1,True,95,0.6528180938558297
53,test_performance_singlemodelFalse,False,0.7628284163799329,MLPClassifier,53,6,1,True,95,0.6769291243347848
54,test_performance_singlemodelFalse,False,0.8150999851323224,EnsembleSelection,53,6,1,True,95,0.7503651124818578
55,test_performance_singlemodelFalse,True,,EnsembleSelection,53,6,1,True,95,
56,test_performance_singlemodelFalse,False,0.7611135890573892,HistGradientBoostingClassifier,53,0,1,False,95,0.7436018384131593
57,test_performance_singlemodelFalse,False,0.7506966568964785,RandomForestClassifier,53,0,1,False,95,0.7464660437832608
58,test_performance_singlemodelFalse,False,0.7627577949110063,DecisionTreeClassifier,53,0,1,False,95,0.6666046806966619
59,test_performance_singlemodelFalse,False,0.7929351981649038,LinearDiscriminantAnalysis,53,0,1,False,95,0.7802400822447992
60,test_performance_singlemodelFalse,False,0.7621471581496113,GradientBoostingClassifier,53,0,1,False,95,0.7420794025157232
61,test_performance_singlemodelFalse,False,0.656256106367614,MLPClassifier,53,0,1,False,95,0.6087770621673924
62,test_performance_singlemodelFalse,False,0.7814143409370885,EnsembleSelection,53,0,1,False,95,0.794021377600387
63,test_performance_singlemodelFalse,True,,EnsembleSelection,53,0,1,False,95,
64,test_performance_singlemodelFalse,False,0.8171286266513742,HistGradientBoostingClassifier,53,1,1,False,95,0.7646551463473633
65,test_performance_singlemodelFalse,False,0.8149513083556348,RandomForestClassifier,53,1,1,False,95,0.769192216981132
66,test_performance_singlemodelFalse,False,0.763549233252623,DecisionTreeClassifier,53,1,1,False,95,0.751776427189163
67,test_performance_singlemodelFalse,False,0.8060227369270634,LinearDiscriminantAnalysis,53,1,1,False,95,0.7787078193033381
68,test_performance_singlemodelFalse,False,0.8348211630771845,GradientBoostingClassifier,53,1,1,False,95,0.7676803640541847
69,test_performance_singlemodelFalse,False,0.7376011533069963,MLPClassifier,53,1,1,False,95,0.7434113449443638
70,test_performance_singlemodelFalse,False,0.8255872732679156,EnsembleSelection,53,1,1,False,95,0.797778332123851
71,test_performance_singlemodelFalse,True,,EnsembleSelection,53,1,1,False,95,
72,test_performance_singlemodelFalse,False,0.7786887770273141,HistGradientBoostingClassifier,53,2,1,False,95,0.7513342102080309
73,test_performance_singlemodelFalse,False,0.7791587018393442,RandomForestClassifier,53,2,1,False,95,0.7580347423802613
74,test_performance_singlemodelFalse,False,0.7109489826260567,DecisionTreeClassifier,53,2,1,False,95,0.7356298379293662
75,test_performance_singlemodelFalse,False,0.8193372732679156,LinearDiscriminantAnalysis,53,2,1,False,95,0.7805507680212869
76,test_performance_singlemodelFalse,False,0.7876956692578905,GradientBoostingClassifier,53,2,1,False,95,0.7532179789550073
77,test_performance_singlemodelFalse,False,0.7769497897285587,MLPClassifier,53,2,1,False,95,0.730461568698597
78,test_performance_singlemodelFalse,False,0.828265844696487,EnsembleSelection,53,2,1,False,95,0.7917687167392355
79,test_performance_singlemodelFalse,True,,EnsembleSelection,53,2,1,False,95,
80,test_performance_singlemodelFalse,False,0.7743418397689138,HistGradientBoostingClassifier,53,3,1,False,95,0.7499123125302372
81,test_performance_singlemodelFalse,False,0.8147163459496198,RandomForestClassifier,53,3,1,False,95,0.7452648766328012
82,test_performance_singlemodelFalse,False,0.7517461556433456,DecisionTreeClassifier,53,3,1,False,95,0.7138364779874213
83,test_performance_singlemodelFalse,False,0.8065239900598955,LinearDiscriminantAnalysis,53,3,1,False,95,0.7753530176584422
84,test_performance_singlemodelFalse,False,0.737891338515781,GradientBoostingClassifier,53,3,1,False,95,0.7373518384131592
85,test_performance_singlemodelFalse,False,0.7777956543902128,MLPClassifier,53,3,1,False,95,0.7204462989840348
86,test_performance_singlemodelFalse,False,0.8040020602353342,EnsembleSelection,53,3,1,False,95,0.7864205370101597
87,test_performance_singlemodelFalse,True,,EnsembleSelection,53,3,1,False,95,
88,test_performance_singlemodelFalse,False,0.7795423410220466,HistGradientBoostingClassifier,53,4,1,False,95,0.7496923379293663
89,test_performance_singlemodelFalse,False,0.7882983411919628,RandomForestClassifier,53,4,1,False,95,0.7533185171746493
90,test_performance_singlemodelFalse,False,0.7708959899749374,DecisionTreeClassifier,53,4,1,False,95,0.7028989779874214
91,test_performance_singlemodelFalse,False,0.8023650227263072,LinearDiscriminantAnalysis,53,4,1,False,95,0.7707766388485728
92,test_performance_singlemodelFalse,False,0.7911335542245443,GradientBoostingClassifier,53,4,1,False,95,0.7676917029511369
93,test_performance_singlemodelFalse,False,0.7446189626608894,MLPClassifier,53,4,1,False,95,0.7148463957426222
94,test_performance_singlemodelFalse,False,0.8041587018393441,EnsembleSelection,53,4,1,False,95,0.7741019593613934
95,test_performance_singlemodelFalse,True,,EnsembleSelection,53,4,1,False,95,
96,test_performance_singlemodelFalse,False,0.7747647720997408,HistGradientBoostingClassifier,53,5,1,False,95,0.7476090045960329
97,test_performance_singlemodelFalse,False,0.772438777027314,RandomForestClassifier,53,5,1,False,95,0.7384154269472667
98,test_performance_singlemodelFalse,False,0.738533303597978,DecisionTreeClassifier,53,5,1,False,95,0.7312651185292696
99,test_performance_singlemodelFalse,False,0.7999214137037509,LinearDiscriminantAnalysis,53,5,1,False,95,0.7740021770682148
100,test_performance_singlemodelFalse,False,0.7746864512977358,GradientBoostingClassifier,53,5,1,False,95,0.7433826197387519
101,test_performance_singlemodelFalse,False,0.7895594388513658,MLPClassifier,53,5,1,False,95,0.7096501572327044
102,test_performance_singlemodelFalse,False,0.8043073786160315,EnsembleSelection,53,5,1,False,95,0.7740021770682148
103,test_performance_singlemodelFalse,True,,EnsembleSelection,53,5,1,False,95,
104,test_performance_singlemodelFalse,False,0.7733786266513742,HistGradientBoostingClassifier,53,6,1,False,95,0.7389559143686503
105,test_performance_singlemodelFalse,False,0.7959350176288178,RandomForestClassifier,53,6,1,False,95,0.7804721516690857
106,test_performance_singlemodelFalse,False,0.75962522832505,DecisionTreeClassifier,53,6,1,False,95,0.723423137397194
107,test_performance_singlemodelFalse,False,0.8024433435283123,LinearDiscriminantAnalysis,53,6,1,False,95,0.7693146770682149
108,test_performance_singlemodelFalse,False,0.8047852682553842,GradientBoostingClassifier,53,6,1,False,95,0.7769858188195453
109,test_performance_singlemodelFalse,False,0.7262918949917165,MLPClassifier,53,6,1,False,95,0.6991427793904209
110,test_performance_singlemodelFalse,False,0.7915490527165372,EnsembleSelection,53,6,1,False,95,0.7897466134494437
111,test_performance_singlemodelFalse,True,,EnsembleSelection,53,6,1,False,95,
112,test_performance_singlemodelFalse,False,0.7546286266513742,HistGradientBoostingClassifier,53,0,2,True,95,0.7593062106918238
113,test_performance_singlemodelFalse,False,0.7550826218087592,RandomForestClassifier,53,0,2,True,95,0.7402455249153362
114,test_performance_singlemodelFalse,False,0.7544326918992396,DecisionTreeClassifier,53,0,2,True,95,0.6977239054184808
115,test_performance_singlemodelFalse,False,0.788470912450618,LinearDiscriminantAnalysis,53,0,2,True,95,0.7723277999516207
116,test_performance_singlemodelFalse,False,0.7621471581496113,GradientBoostingClassifier,53,0,2,True,95,0.7563414671020803
117,test_performance_singlemodelFalse,False,0.6913363918270252,MLPClassifier,53,0,2,True,95,0.6311403906627964
118,test_performance_singlemodelFalse,False,0.8165803810373391,EnsembleSelection,53,0,2,True,95,0.7988691340106434
119,test_performance_singlemodelFalse,True,,EnsembleSelection,53,0,2,True,95,
120,test_performance_singlemodelFalse,False,0.8329650928167878,HistGradientBoostingClassifier,53,1,2,True,95,0.7911375181422351
121,test_performance_singlemodelFalse,False,0.8330354487914702,RandomForestClassifier,53,1,2,True,95,0.7676697810836962
122,test_performance_singlemodelFalse,False,0.8116379401894567,DecisionTreeClassifier,53,1,2,True,95,0.7357417150459603
123,test_performance_singlemodelFalse,False,0.8325734888067626,LinearDiscriminantAnalysis,53,1,2,True,95,0.7897148645379777
124,test_performance_singlemodelFalse,False,0.8289548022598869,GradientBoostingClassifier,53,1,2,True,95,0.7754626269956457
125,test_performance_singlemodelFalse,False,0.7587636995029948,MLPClassifier,53,1,2,True,95,0.7536669992743106
126,test_performance_singlemodelFalse,False,0.8416587018393442,EnsembleSelection,53,1,2,True,95,0.8023048197871312
127,test_performance_singlemodelFalse,True,,EnsembleSelection,53,1,2,True,95,
128,test_performance_singlemodelFalse,False,0.7843982307463575,HistGradientBoostingClassifier,53,2,2,True,95,0.7660475628930817
129,test_performance_singlemodelFalse,False,0.8104870226413492,RandomForestClassifier,53,2,2,True,95,0.7690924346879535
130,test_performance_singlemodelFalse,False,0.8061793785310734,DecisionTreeClassifier,53,2,2,True,95,0.7400474721819061
131,test_performance_singlemodelFalse,False,0.8151079499596448,LinearDiscriminantAnalysis,53,2,2,True,95,0.7834951015965167
132,test_performance_singlemodelFalse,False,0.8059444161250584,GradientBoostingClassifier,53,2,2,True,95,0.7722378447024674
133,test_performance_singlemodelFalse,False,0.7927626269062487,MLPClassifier,53,2,2,True,95,0.746616473149492
134,test_performance_singlemodelFalse,False,0.8060227369270634,EnsembleSelection,53,2,2,True,95,0.7867002298016449
135,test_performance_singlemodelFalse,True,,EnsembleSelection,53,2,2,True,95,
136,test_performance_singlemodelFalse,False,0.78393627076165,HistGradientBoostingClassifier,53,3,2,True,95,0.7660876269956458
137,test_performance_singlemodelFalse,False,0.8018717344207977,RandomForestClassifier,53,3,2,True,95,0.7695429668601839
138,test_performance_singlemodelFalse,False,0.7496630878042564,DecisionTreeClassifier,53,3,2,True,95,0.7104015481373972
139,test_performance_singlemodelFalse,False,0.828109203092477,LinearDiscriminantAnalysis,53,3,2,True,95,0.7788484216255442
140,test_performance_singlemodelFalse,False,0.8019500552228027,GradientBoostingClassifier,53,3,2,True,95,0.7519049346879536
141,test_performance_singlemodelFalse,False,0.7943370077736716,MLPClassifier,53,3,2,True,95,0.7195134857281085
142,test_performance_singlemodelFalse,False,0.8195722356739306,EnsembleSelection,53,3,2,True,95,0.7837256591678762
143,test_performance_singlemodelFalse,True,,EnsembleSelection,53,3,2,True,95,
144,test_performance_singlemodelFalse,False,0.7933268021749289,HistGradientBoostingClassifier,53,4,2,True,95,0.7720171141751331
145,test_performance_singlemodelFalse,False,0.8239582005862114,RandomForestClassifier,53,4,2,True,95,0.765727050072569
146,test_performance_singlemodelFalse,False,0.7984959751072596,DecisionTreeClassifier,53,4,2,True,95,0.7390269714562168
147,test_performance_singlemodelFalse,False,0.8368811329170385,LinearDiscriminantAnalysis,53,4,2,True,95,0.7880329281567489
148,test_performance_singlemodelFalse,False,0.8331920903954801,GradientBoostingClassifier,53,4,2,True,95,0.7927302552007741
149,test_performance_singlemodelFalse,False,0.797391519051867,MLPClassifier,53,4,2,True,95,0.7433221456216739
150,test_performance_singlemodelFalse,False,0.8242635189669087,EnsembleSelection,53,4,2,True,95,0.7991405116110305
151,test_performance_singlemodelFalse,True,,EnsembleSelection,53,4,2,True,95,
152,test_performance_singlemodelFalse,False,0.8239582005862114,HistGradientBoostingClassifier,53,5,2,True,95,0.764214441219158
153,test_performance_singlemodelFalse,False,0.8328867720147828,RandomForestClassifier,53,5,2,True,95,0.75978849177552
154,test_performance_singlemodelFalse,False,0.7888704812879657,DecisionTreeClassifier,53,5,2,True,95,0.7276994134010644
155,test_performance_singlemodelFalse,False,0.8239582005862114,LinearDiscriminantAnalysis,53,5,2,True,95,0.7957751269956459
156,test_performance_singlemodelFalse,False,0.8332000552228027,GradientBoostingClassifier,53,5,2,True,95,0.7627229983067247
157,test_performance_singlemodelFalse,False,0.8102361305806891,MLPClassifier,53,5,2,True,95,0.7597272617319787
158,test_performance_singlemodelFalse,False,0.8371160953230534,EnsembleSelection,53,5,2,True,95,0.8019049346879535
159,test_performance_singlemodelFalse,True,,EnsembleSelection,53,5,2,True,95,
160,test_performance_singlemodelFalse,False,0.7619281253982413,HistGradientBoostingClassifier,53,6,2,True,95,0.7658774794388001
161,test_performance_singlemodelFalse,False,0.8153429123656599,RandomForestClassifier,53,6,2,True,95,0.7676909470246733
162,test_performance_singlemodelFalse,False,0.7673635890573892,DecisionTreeClassifier,53,6,2,True,95,0.7069567912433479
163,test_performance_singlemodelFalse,False,0.841580381037339,LinearDiscriminantAnalysis,53,6,2,True,95,0.797478229317852
164,test_performance_singlemodelFalse,False,0.7975640903105221,GradientBoostingClassifier,53,6,2,True,95,0.7660180817610063
165,test_performance_singlemodelFalse,False,0.7463263561445987,MLPClassifier,53,6,2,True,95,0.7088466074020319
166,test_performance_singlemodelFalse,False,0.8505089524659106,EnsembleSelection,53,6,2,True,95,0.799111030478955
167,test_performance_singlemodelFalse,True,,EnsembleSelection,53,6,2,True,95,
168,test_performance_singlemodelFalse,False,0.7503993033431036,HistGradientBoostingClassifier,53,0,2,False,95,0.770283774794388
169,test_performance_singlemodelFalse,False,0.7506183360944735,RandomForestClassifier,53,0,2,False,95,0.73714093492985
170,test_performance_singlemodelFalse,False,0.7669247270719171,DecisionTreeClassifier,53,0,2,False,95,0.6850439949201742
171,test_performance_singlemodelFalse,False,0.788470912450618,LinearDiscriminantAnalysis,53,0,2,False,95,0.7786375181422351
172,test_performance_singlemodelFalse,False,0.7577611932373307,GradientBoostingClassifier,53,0,2,False,95,0.7610191400580552
173,test_performance_singlemodelFalse,False,0.6777483964147657,MLPClassifier,53,0,2,False,95,0.6570263364779874
174,test_performance_singlemodelFalse,False,0.8031954887218046,EnsembleSelection,53,0,2,False,95,0.8006621915820029
175,test_performance_singlemodelFalse,True,,EnsembleSelection,53,0,2,False,95,
176,test_performance_singlemodelFalse,False,0.8194939148719256,HistGradientBoostingClassifier,53,1,2,False,95,0.7643248064828253
177,test_performance_singlemodelFalse,False,0.8328084512127778,RandomForestClassifier,53,1,2,False,95,0.7756425374939526
178,test_performance_singlemodelFalse,False,0.7718509727709104,DecisionTreeClassifier,53,1,2,False,95,0.7545325350749879
179,test_performance_singlemodelFalse,False,0.8059444161250584,LinearDiscriminantAnalysis,53,1,2,False,95,0.7865097363328495
180,test_performance_singlemodelFalse,False,0.8246391933222887,GradientBoostingClassifier,53,1,2,False,95,0.7754928640541849
181,test_performance_singlemodelFalse,False,0.7524353787009896,MLPClassifier,53,1,2,False,95,0.734907928156749
182,test_performance_singlemodelFalse,False,0.8021690879741727,EnsembleSelection,53,1,2,False,95,0.7993007680212869
183,test_performance_singlemodelFalse,True,,EnsembleSelection,53,1,2,False,95,
184,test_performance_singlemodelFalse,False,0.7528349475383374,HistGradientBoostingClassifier,53,2,2,False,95,0.7496311078858249
185,test_performance_singlemodelFalse,False,0.7666897646659021,RandomForestClassifier,53,2,2,False,95,0.7485093130140299
186,test_performance_singlemodelFalse,False,0.7892461556433457,DecisionTreeClassifier,53,2,2,False,95,0.7180318698597001
187,test_performance_singlemodelFalse,False,0.8061793785310734,LinearDiscriminantAnalysis,53,2,2,False,95,0.7898857039187227
188,test_performance_singlemodelFalse,False,0.7576045516333205,GradientBoostingClassifier,53,2,2,False,95,0.7294289731494921
189,test_performance_singlemodelFalse,False,0.7971485918185293,MLPClassifier,53,2,2,False,95,0.7495214985486212
190,test_performance_singlemodelFalse,False,0.7973291279045072,EnsembleSelection,53,2,2,False,95,0.791528332123851
191,test_performance_singlemodelFalse,True,,EnsembleSelection,53,2,2,False,95,
192,test_performance_singlemodelFalse,False,0.7931701605709189,HistGradientBoostingClassifier,53,3,2,False,95,0.7769253447024673
193,test_performance_singlemodelFalse,False,0.7933108725202838,RandomForestClassifier,53,3,2,False,95,0.7879029088050314
194,test_performance_singlemodelFalse,False,0.7542287923197826,DecisionTreeClassifier,53,3,2,False,95,0.7404896891630384
195,test_performance_singlemodelFalse,False,0.806171413703751,LinearDiscriminantAnalysis,53,3,2,False,95,0.7943025822447993
196,test_performance_singlemodelFalse,False,0.8157889426957223,GradientBoostingClassifier,53,3,2,False,95,0.7738608188195453
197,test_performance_singlemodelFalse,False,0.7894027972473556,MLPClassifier,53,3,2,False,95,0.7602783321238511
198,test_performance_singlemodelFalse,False,0.828109203092477,EnsembleSelection,53,3,2,False,95,0.7942625181422351
199,test_performance_singlemodelFalse,True,,EnsembleSelection,53,3,2,False,95,
200,test_performance_singlemodelFalse,False,0.8152566267363324,HistGradientBoostingClassifier,53,4,2,False,95,0.7438724600870827
201,test_performance_singlemodelFalse,False,0.8289627670872095,RandomForestClassifier,53,4,2,False,95,0.7674399794388002
202,test_performance_singlemodelFalse,False,0.7636976445350665,DecisionTreeClassifier,53,4,2,False,95,0.72122868287373
203,test_performance_singlemodelFalse,False,0.819407629242598,LinearDiscriminantAnalysis,53,4,2,False,95,0.7771453193033382
204,test_performance_singlemodelFalse,False,0.8024823711821927,GradientBoostingClassifier,53,4,2,False,95,0.7657875241896468
205,test_performance_singlemodelFalse,False,0.7938591181343189,MLPClassifier,53,4,2,False,95,0.7504429729075954
206,test_performance_singlemodelFalse,False,0.8330354487914702,EnsembleSelection,53,4,2,False,95,0.7820732039187228
207,test_performance_singlemodelFalse,True,,EnsembleSelection,53,4,2,False,95,
208,test_performance_singlemodelFalse,False,0.775156376109766,HistGradientBoostingClassifier,53,5,2,False,95,0.7783275882922109
209,test_performance_singlemodelFalse,False,0.8065630177137759,RandomForestClassifier,53,5,2,False,95,0.7724479922593129
210,test_performance_singlemodelFalse,False,0.7583174036786882,DecisionTreeClassifier,53,5,2,False,95,0.7339486574746008
211,test_performance_singlemodelFalse,False,0.8375700904804384,LinearDiscriminantAnalysis,53,5,2,False,95,0.799260703918723
212,test_performance_singlemodelFalse,False,0.7756263009217961,GradientBoostingClassifier,53,5,2,False,95,0.7706050435413643
213,test_performance_singlemodelFalse,False,0.7749917696784334,MLPClassifier,53,5,2,False,95,0.7352987421383648
214,test_performance_singlemodelFalse,False,0.8375700904804384,EnsembleSelection,53,5,2,False,95,0.8071933962264151
215,test_performance_singlemodelFalse,True,,EnsembleSelection,53,5,2,False,95,
216,test_performance_singlemodelFalse,False,0.793796726986959,HistGradientBoostingClassifier,53,6,2,False,95,0.7990505563618772
217,test_performance_singlemodelFalse,False,0.8110273034280617,RandomForestClassifier,53,6,2,False,95,0.7849079281567489
218,test_performance_singlemodelFalse,False,0.7417760502952296,DecisionTreeClassifier,53,6,2,False,95,0.7352412917271408
219,test_performance_singlemodelFalse,False,0.8151703411070048,LinearDiscriminantAnalysis,53,6,2,False,95,0.7914882680212869
220,test_performance_singlemodelFalse,False,0.7978694086912195,GradientBoostingClassifier,53,6,2,False,95,0.7722476717464924
221,test_performance_singlemodelFalse,False,0.8023257295781827,MLPClassifier,53,6,2,False,95,0.7311819666182874
222,test_performance_singlemodelFalse,False,0.8067196593177859,EnsembleSelection,53,6,2,False,95,0.8150761973875181
223,test_performance_singlemodelFalse,True,,EnsembleSelection,53,6,2,False,95,
224,test_performance_singlemodelFalse,False,0.7635571980799457,HistGradientBoostingClassifier,53,0,5,True,95,0.7752214864537978
225,test_performance_singlemodelFalse,False,0.7550826218087592,RandomForestClassifier,53,0,5,True,95,0.751463473633285
226,test_performance_singlemodelFalse,False,0.7580665116180281,DecisionTreeClassifier,53,0,5,True,95,0.7312560474117078
227,test_performance_singlemodelFalse,False,0.7929351981649038,LinearDiscriminantAnalysis,53,0,5,True,95,0.7817625181422351
228,test_performance_singlemodelFalse,False,0.7666897646659021,GradientBoostingClassifier,53,0,5,True,95,0.7596070694242865
229,test_performance_singlemodelFalse,False,0.705301389065885,MLPClassifier,53,0,5,True,95,0.6702973814707305
230,test_performance_singlemodelFalse,False,0.7813360201350835,EnsembleSelection,53,0,5,True,95,0.7975666727140784
231,test_performance_singlemodelFalse,True,,EnsembleSelection,53,0,5,True,95,
232,test_performance_singlemodelFalse,False,0.8151079499596448,HistGradientBoostingClassifier,53,1,5,True,95,0.8086357039187227
233,test_performance_singlemodelFalse,False,0.8062576993330786,RandomForestClassifier,53,1,5,True,95,0.8103274673439768
234,test_performance_singlemodelFalse,False,0.8067979801197911,DecisionTreeClassifier,53,1,5,True,95,0.7707464017900338
235,test_performance_singlemodelFalse,False,0.8238015589822012,LinearDiscriminantAnalysis,53,1,5,True,95,0.7960548197871311
236,test_performance_singlemodelFalse,False,0.8108706618240515,GradientBoostingClassifier,53,1,5,True,95,0.802365293904209
237,test_performance_singlemodelFalse,False,0.7308891933222887,MLPClassifier,53,1,5,True,95,0.7557102685050798
238,test_performance_singlemodelFalse,False,0.828344165498492,EnsembleSelection,53,1,5,True,95,0.8259524673439768
239,test_performance_singlemodelFalse,True,,EnsembleSelection,53,1,5,True,95,
240,test_performance_singlemodelFalse,False,0.8105573786160316,HistGradientBoostingClassifier,53,2,5,True,95,0.7990898645379778
241,test_performance_singlemodelFalse,False,0.8104087018393442,RandomForestClassifier,53,2,5,True,95,0.8006123004354135
242,test_performance_singlemodelFalse,False,0.8329571279894652,DecisionTreeClassifier,53,2,5,True,95,0.794524068698597
243,test_performance_singlemodelFalse,False,0.8285791279045072,LinearDiscriminantAnalysis,53,2,5,True,95,0.797708030962748
244,test_performance_singlemodelFalse,False,0.819485950044603,GradientBoostingClassifier,53,2,5,True,95,0.7895848451862604
245,test_performance_singlemodelFalse,False,0.8020907671721678,MLPClassifier,53,2,5,True,95,0.7911669992743104
246,test_performance_singlemodelFalse,False,0.8192589524659106,EnsembleSelection,53,2,5,True,95,0.8180500120948235
247,test_performance_singlemodelFalse,True,,EnsembleSelection,53,2,5,True,95,
248,test_performance_singlemodelFalse,False,0.8104870226413492,HistGradientBoostingClassifier,53,3,5,True,95,0.7943320633768747
249,test_performance_singlemodelFalse,False,0.81518627076165,RandomForestClassifier,53,3,5,True,95,0.7929698838896952
250,test_performance_singlemodelFalse,False,0.81518627076165,DecisionTreeClassifier,53,3,5,True,95,0.7787380563618771
251,test_performance_singlemodelFalse,False,0.8192589524659106,LinearDiscriminantAnalysis,53,3,5,True,95,0.7962558962264152
252,test_performance_singlemodelFalse,False,0.8015584512127778,GradientBoostingClassifier,53,3,5,True,95,0.7913975568456699
253,test_performance_singlemodelFalse,False,0.797548160655877,MLPClassifier,53,3,5,True,95,0.7544985183841315
254,test_performance_singlemodelFalse,False,0.8369594537190435,EnsembleSelection,53,3,5,True,95,0.8040978773584906
255,test_performance_singlemodelFalse,True,,EnsembleSelection,53,3,5,True,95,
256,test_performance_singlemodelFalse,False,0.8061793785310734,HistGradientBoostingClassifier,53,4,5,True,95,0.7818925374939526
257,test_performance_singlemodelFalse,False,0.7886355188819507,RandomForestClassifier,53,4,5,True,95,0.7915177491533624
258,test_performance_singlemodelFalse,False,0.8111056242300667,DecisionTreeClassifier,53,4,5,True,95,0.7517953253507499
259,test_performance_singlemodelFalse,False,0.8284928422751794,LinearDiscriminantAnalysis,53,4,5,True,95,0.7946427491533623
260,test_performance_singlemodelFalse,False,0.7800122658340767,GradientBoostingClassifier,53,4,5,True,95,0.7977178580067731
261,test_performance_singlemodelFalse,False,0.8245688373476063,MLPClassifier,53,4,5,True,95,0.7677998004354136
262,test_performance_singlemodelFalse,False,0.7974857695085171,EnsembleSelection,53,4,5,True,95,0.8008927491533624
263,test_performance_singlemodelFalse,True,,EnsembleSelection,53,4,5,True,95,
264,test_performance_singlemodelFalse,False,0.7838579499596448,HistGradientBoostingClassifier,53,5,5,True,95,0.7817322810836962
265,test_performance_singlemodelFalse,False,0.8018717344207977,RandomForestClassifier,53,5,5,True,95,0.7835654027576198
266,test_performance_singlemodelFalse,False,0.7697599401044986,DecisionTreeClassifier,53,5,5,True,95,0.7519555817610063
267,test_performance_singlemodelFalse,False,0.806171413703751,LinearDiscriminantAnalysis,53,5,5,True,95,0.8041379414610548
268,test_performance_singlemodelFalse,False,0.797094165498492,GradientBoostingClassifier,53,5,5,True,95,0.7771952104499275
269,test_performance_singlemodelFalse,False,0.7931621957435964,MLPClassifier,53,5,5,True,95,0.7816922169811321
270,test_performance_singlemodelFalse,False,0.8018637695934752,EnsembleSelection,53,5,5,True,95,0.8040578132559264
271,test_performance_singlemodelFalse,True,,EnsembleSelection,53,5,5,True,95,
272,test_performance_singlemodelFalse,False,0.8061793785310734,HistGradientBoostingClassifier,53,6,5,True,95,0.807012729801645
273,test_performance_singlemodelFalse,False,0.7973291279045072,RandomForestClassifier,53,6,5,True,95,0.785187620948234
274,test_performance_singlemodelFalse,False,0.7802865213882163,DecisionTreeClassifier,53,6,5,True,95,0.7784674346879537
275,test_performance_singlemodelFalse,False,0.819485950044603,LinearDiscriminantAnalysis,53,6,5,True,95,0.7913975568456699
276,test_performance_singlemodelFalse,False,0.8104870226413492,GradientBoostingClassifier,53,6,5,True,95,0.7897753386550557
277,test_performance_singlemodelFalse,False,0.7930055541395862,MLPClassifier,53,6,5,True,95,0.7741503386550557
278,test_performance_singlemodelFalse,False,0.8106436642453592,EnsembleSelection,53,6,5,True,95,0.8134328132559263
279,test_performance_singlemodelFalse,True,,EnsembleSelection,53,6,5,True,95,
280,test_performance_singlemodelFalse,False,0.7502426617390935,HistGradientBoostingClassifier,53,0,5,False,95,0.7752517235123367
281,test_performance_singlemodelFalse,False,0.7462323711821928,RandomForestClassifier,53,0,5,False,95,0.7418783260764392
282,test_performance_singlemodelFalse,False,0.7669950830465995,DecisionTreeClassifier,53,0,5,False,95,0.7185957910014514
283,test_performance_singlemodelFalse,False,0.7929351981649038,LinearDiscriminantAnalysis,53,0,5,False,95,0.7849275822447992
284,test_performance_singlemodelFalse,False,0.7666897646659021,GradientBoostingClassifier,53,0,5,False,95,0.7658268323657476
285,test_performance_singlemodelFalse,False,0.7092253939934583,MLPClassifier,53,0,5,False,95,0.6918314586357039
286,test_performance_singlemodelFalse,False,0.7856516290726817,EnsembleSelection,53,0,5,False,95,0.7894442428640542
287,test_performance_singlemodelFalse,True,,EnsembleSelection,53,0,5,False,95,
288,test_performance_singlemodelFalse,False,0.8195018796992481,HistGradientBoostingClassifier,53,1,5,False,95,0.7801599540396711
289,test_performance_singlemodelFalse,False,0.8195722356739306,RandomForestClassifier,53,1,5,False,95,0.7867100568456701
290,test_performance_singlemodelFalse,False,0.7954178348413407,DecisionTreeClassifier,53,1,5,False,95,0.756593190614417
291,test_performance_singlemodelFalse,False,0.8150296291576398,LinearDiscriminantAnalysis,53,1,5,False,95,0.7943524733913885
292,test_performance_singlemodelFalse,False,0.8065630177137759,GradientBoostingClassifier,53,1,5,False,95,0.7754225628930818
293,test_performance_singlemodelFalse,False,0.766219839853872,MLPClassifier,53,1,5,False,95,0.7465257619738752
294,test_performance_singlemodelFalse,False,0.8239582005862114,EnsembleSelection,53,1,5,False,95,0.7975674286405419
295,test_performance_singlemodelFalse,True,,EnsembleSelection,53,1,5,False,95,
296,test_performance_singlemodelFalse,False,0.766627373518542,HistGradientBoostingClassifier,53,2,5,False,95,0.7754921081277213
297,test_performance_singlemodelFalse,False,0.8021066968268129,RandomForestClassifier,53,2,5,False,95,0.7820127298016448
298,test_performance_singlemodelFalse,False,0.7844765515483625,DecisionTreeClassifier,53,2,5,False,95,0.7801803640541849
299,test_performance_singlemodelFalse,False,0.8507439148719256,LinearDiscriminantAnalysis,53,2,5,False,95,0.7883632680212869
300,test_performance_singlemodelFalse,False,0.8109569474533793,GradientBoostingClassifier,53,2,5,False,95,0.7676501269956458
301,test_performance_singlemodelFalse,False,0.8103144513826941,MLPClassifier,53,2,5,False,95,0.766858671988389
302,test_performance_singlemodelFalse,False,0.8462013083556348,EnsembleSelection,53,2,5,False,95,0.786810595065312
303,test_performance_singlemodelFalse,True,,EnsembleSelection,53,2,5,False,95,
304,test_performance_singlemodelFalse,False,0.7930214837942313,HistGradientBoostingClassifier,53,3,5,False,95,0.7915683962264151
305,test_performance_singlemodelFalse,False,0.8062576993330786,RandomForestClassifier,53,3,5,False,95,0.7693827104499276
306,test_performance_singlemodelFalse,False,0.8239582005862114,DecisionTreeClassifier,53,3,5,False,95,0.7488404088050313
307,test_performance_singlemodelFalse,False,0.8328084512127778,LinearDiscriminantAnalysis,53,3,5,False,95,0.7742206398161587
308,test_performance_singlemodelFalse,False,0.7927082005862114,GradientBoostingClassifier,53,3,5,False,95,0.7630427552007741
309,test_performance_singlemodelFalse,False,0.7980180854679071,MLPClassifier,53,3,5,False,95,0.7762336719883891
310,test_performance_singlemodelFalse,False,0.8019500552228027,EnsembleSelection,53,3,5,False,95,0.8026759796806966
311,test_performance_singlemodelFalse,True,,EnsembleSelection,53,3,5,False,95,
312,test_performance_singlemodelFalse,False,0.7845548723503675,HistGradientBoostingClassifier,53,4,5,False,95,0.7628726717464925
313,test_performance_singlemodelFalse,False,0.7931701605709189,RandomForestClassifier,53,4,5,False,95,0.7646354922593129
314,test_performance_singlemodelFalse,False,0.81518627076165,DecisionTreeClassifier,53,4,5,False,95,0.7488509917755201
315,test_performance_singlemodelFalse,False,0.8153269827110148,LinearDiscriminantAnalysis,53,4,5,False,95,0.7930409409772617
316,test_performance_singlemodelFalse,False,0.8198775540546281,GradientBoostingClassifier,53,4,5,False,95,0.7659576076439284
317,test_performance_singlemodelFalse,False,0.7747568072724182,MLPClassifier,53,4,5,False,95,0.7606986272375423
318,test_performance_singlemodelFalse,False,0.8107140202200416,EnsembleSelection,53,4,5,False,95,0.8057813255926464
319,test_performance_singlemodelFalse,True,,EnsembleSelection,53,4,5,False,95,
320,test_performance_singlemodelFalse,False,0.7663061254831995,HistGradientBoostingClassifier,53,5,5,False,95,0.7707252358490566
321,test_performance_singlemodelFalse,False,0.7842415891423473,RandomForestClassifier,53,5,5,False,95,0.7533374153362361
322,test_performance_singlemodelFalse,False,0.7576125164606431,DecisionTreeClassifier,53,5,5,False,95,0.7518255624092889
323,test_performance_singlemodelFalse,False,0.8022394439488552,LinearDiscriminantAnalysis,53,5,5,False,95,0.7930008768746977
324,test_performance_singlemodelFalse,False,0.7843119451170297,GradientBoostingClassifier,53,5,5,False,95,0.7453646589259797
325,test_performance_singlemodelFalse,False,0.7928489125355762,MLPClassifier,53,5,5,False,95,0.7559415820029027
326,test_performance_singlemodelFalse,False,0.8015584512127778,EnsembleSelection,53,5,5,False,95,0.7946034409772618
327,test_performance_singlemodelFalse,True,,EnsembleSelection,53,5,5,False,95,
328,test_performance_singlemodelFalse,False,0.7930135189669087,HistGradientBoostingClassifier,53,6,5,False,95,0.7914882680212869
329,test_performance_singlemodelFalse,False,0.8154132683403423,RandomForestClassifier,53,6,5,False,95,0.8087060050798259
330,test_performance_singlemodelFalse,False,0.7711620152075103,DecisionTreeClassifier,53,6,5,False,95,0.7899166969037252
331,test_performance_singlemodelFalse,False,0.8108626969967292,LinearDiscriminantAnalysis,53,6,5,False,95,0.7706851717464925
332,test_performance_singlemodelFalse,False,0.7889328724353257,GradientBoostingClassifier,53,6,5,False,95,0.7947636973875182
333,test_performance_singlemodelFalse,False,0.7976968374325644,MLPClassifier,53,6,5,False,95,0.7532368771165942
334,test_performance_singlemodelFalse,False,0.8149513083556348,EnsembleSelection,53,6,5,False,95,0.8229287614900823
335,test_performance_singlemodelFalse,True,,EnsembleSelection,53,6,5,False,95,
336,test_performance_singlemodelFalse,False,0.7502426617390935,HistGradientBoostingClassifier,53,0,10,True,95,0.7831942428640541
337,test_performance_singlemodelFalse,False,0.7550826218087592,RandomForestClassifier,53,0,10,True,95,0.7561010824866957
338,test_performance_singlemodelFalse,False,0.7492945817934666,DecisionTreeClassifier,53,0,10,True,95,0.7408207849540397
339,test_performance_singlemodelFalse,False,0.7929351981649038,LinearDiscriminantAnalysis,53,0,10,True,95,0.7880926463473633
340,test_performance_singlemodelFalse,False,0.7666897646659021,GradientBoostingClassifier,53,0,10,True,95,0.7626020500725689
341,test_performance_singlemodelFalse,False,0.7155146871415827,MLPClassifier,53,0,10,True,95,0.6897473693759071
342,test_performance_singlemodelFalse,False,0.7990444862155389,EnsembleSelection,53,0,10,True,95,0.8083643263183358
343,test_performance_singlemodelFalse,True,,EnsembleSelection,53,0,10,True,95,
344,test_performance_singlemodelFalse,False,0.8302865213882163,HistGradientBoostingClassifier,53,1,10,True,95,0.8182004414610546
345,test_performance_singlemodelFalse,False,0.8017934136187927,RandomForestClassifier,53,1,10,True,95,0.7976377298016448
