,hue,repeated_ensemble,performance,model,dataset_name,level,repeat,multikfold,seed,val_score
0,test_performance_singlemodelFalse,False,0.8720477724100912,HistGradientBoostingClassifier,146818,0,1,True,95,0.8679501001078085
1,test_performance_singlemodelFalse,False,0.8853998926462694,RandomForestClassifier,146818,0,1,True,95,0.8683043277375635
2,test_performance_singlemodelFalse,False,0.8752683843263553,DecisionTreeClassifier,146818,0,1,True,95,0.7999152933928846
3,test_performance_singlemodelFalse,False,0.8762748255501878,LinearDiscriminantAnalysis,146818,0,1,True,95,0.8630602186970584
4,test_performance_singlemodelFalse,False,0.8705716586151369,GradientBoostingClassifier,146818,0,1,True,95,0.8596719544124443
5,test_performance_singlemodelFalse,False,0.8125335480407945,MLPClassifier,146818,0,1,True,95,0.7763822578161097
6,test_performance_singlemodelFalse,False,0.873792270531401,EnsembleSelection,146818,0,1,True,95,0.875951024179886
7,test_performance_singlemodelFalse,True,,EnsembleSelection,146818,0,1,True,95,
8,test_performance_singlemodelFalse,False,0.8774825550187869,HistGradientBoostingClassifier,146818,1,1,True,95,0.8440628369012784
9,test_performance_singlemodelFalse,False,0.8821792807300053,RandomForestClassifier,146818,1,1,True,95,0.8530109348529185
10,test_performance_singlemodelFalse,False,0.8666129898013957,DecisionTreeClassifier,146818,1,1,True,95,0.7989296165100878
11,test_performance_singlemodelFalse,False,0.8760064412238325,LinearDiscriminantAnalysis,146818,1,1,True,95,0.8632989373171107
12,test_performance_singlemodelFalse,False,0.8658749329039184,GradientBoostingClassifier,146818,1,1,True,95,0.847374095179424
13,test_performance_singlemodelFalse,False,0.8651368760064413,MLPClassifier,146818,1,1,True,95,0.8228553827198521
14,test_performance_singlemodelFalse,False,0.8821792807300053,EnsembleSelection,146818,1,1,True,95,0.8656245187124596
15,test_performance_singlemodelFalse,True,,EnsembleSelection,146818,1,1,True,95,
16,test_performance_singlemodelFalse,False,0.8774825550187869,HistGradientBoostingClassifier,146818,2,1,True,95,0.8457184660403512
17,test_performance_singlemodelFalse,False,0.8807031669350509,RandomForestClassifier,146818,2,1,True,95,0.8503696288310488
18,test_performance_singlemodelFalse,False,0.8799651100375738,DecisionTreeClassifier,146818,2,1,True,95,0.821831202833821
19,test_performance_singlemodelFalse,False,0.873792270531401,LinearDiscriminantAnalysis,146818,2,1,True,95,0.8623132604343139
20,test_performance_singlemodelFalse,False,0.857487922705314,GradientBoostingClassifier,146818,2,1,True,95,0.8347605113198829
21,test_performance_singlemodelFalse,False,0.871309715512614,MLPClassifier,146818,2,1,True,95,0.8131988295087017
22,test_performance_singlemodelFalse,False,0.8807031669350509,EnsembleSelection,146818,2,1,True,95,0.8669644232250115
23,test_performance_singlemodelFalse,True,,EnsembleSelection,146818,2,1,True,95,
24,test_performance_singlemodelFalse,False,0.8784889962426194,HistGradientBoostingClassifier,146818,3,1,True,95,0.8583320498998921
25,test_performance_singlemodelFalse,False,0.8661433172302737,RandomForestClassifier,146818,3,1,True,95,0.8447327891575542
26,test_performance_singlemodelFalse,False,0.8661433172302737,DecisionTreeClassifier,146818,3,1,True,95,0.8032650546742646
27,test_performance_singlemodelFalse,False,0.873792270531401,LinearDiscriminantAnalysis,146818,3,1,True,95,0.8560449715077776
28,test_performance_singlemodelFalse,False,0.8614465915190552,GradientBoostingClassifier,146818,3,1,True,95,0.8417372555059295
29,test_performance_singlemodelFalse,False,0.8527911969940956,MLPClassifier,146818,3,1,True,95,0.8092561219775143
30,test_performance_singlemodelFalse,False,0.873792270531401,EnsembleSelection,146818,3,1,True,95,0.8683043277375635
31,test_performance_singlemodelFalse,True,,EnsembleSelection,146818,3,1,True,95,
32,test_performance_singlemodelFalse,False,0.8792270531400965,HistGradientBoostingClassifier,146818,4,1,True,95,0.8344447866933621
33,test_performance_singlemodelFalse,False,0.8668813741277509,RandomForestClassifier,146818,4,1,True,95,0.847374095179424
34,test_performance_singlemodelFalse,False,0.8527911969940956,DecisionTreeClassifier,146818,4,1,True,95,0.8098490682273217
35,test_performance_singlemodelFalse,False,0.8654052603327965,LinearDiscriminantAnalysis,146818,4,1,True,95,0.8500539042045279
36,test_performance_singlemodelFalse,False,0.8668813741277509,GradientBoostingClassifier,146818,4,1,True,95,0.8201755736947483
37,test_performance_singlemodelFalse,False,0.8513150831991412,MLPClassifier,146818,4,1,True,95,0.8377560449715078
38,test_performance_singlemodelFalse,False,0.8723161567364466,EnsembleSelection,146818,4,1,True,95,0.8580163252733713
39,test_performance_singlemodelFalse,True,,EnsembleSelection,146818,4,1,True,95,
40,test_performance_singlemodelFalse,False,0.8690955448201825,HistGradientBoostingClassifier,146818,5,1,True,95,0.8297936239026644
41,test_performance_singlemodelFalse,False,0.8661433172302737,RandomForestClassifier,146818,5,1,True,95,0.8401201293700908
42,test_performance_singlemodelFalse,False,0.8360171765968867,DecisionTreeClassifier,146818,5,1,True,95,0.7962883104882181
43,test_performance_singlemodelFalse,False,0.8730542136339238,LinearDiscriminantAnalysis,146818,5,1,True,95,0.8580163252733713
44,test_performance_singlemodelFalse,False,0.8614465915190552,GradientBoostingClassifier,146818,5,1,True,95,0.8228553827198521
45,test_performance_singlemodelFalse,False,0.8451422436929683,MLPClassifier,146818,5,1,True,95,0.8122131526259049
46,test_performance_singlemodelFalse,False,0.8777509393451421,EnsembleSelection,146818,5,1,True,95,0.8563606961342984
47,test_performance_singlemodelFalse,True,,EnsembleSelection,146818,5,1,True,95,
48,test_performance_singlemodelFalse,False,0.8636607622114869,HistGradientBoostingClassifier,146818,6,1,True,95,0.8321577083012475
49,test_performance_singlemodelFalse,False,0.8552737520128825,RandomForestClassifier,146818,6,1,True,95,0.8414600338826428
50,test_performance_singlemodelFalse,False,0.8389694041867954,DecisionTreeClassifier,146818,6,1,True,95,0.7731095025411983
51,test_performance_singlemodelFalse,False,0.8831857219538379,LinearDiscriminantAnalysis,146818,6,1,True,95,0.8444170645310334
52,test_performance_singlemodelFalse,False,0.8683574879227053,GradientBoostingClassifier,146818,6,1,True,95,0.8381487756044972
53,test_performance_singlemodelFalse,False,0.8466183574879227,MLPClassifier,146818,6,1,True,95,0.798298167257046
54,test_performance_singlemodelFalse,False,0.8607085346215781,EnsembleSelection,146818,6,1,True,95,0.8431156630217157
55,test_performance_singlemodelFalse,True,,EnsembleSelection,146818,6,1,True,95,
56,test_performance_singlemodelFalse,False,0.8774825550187869,HistGradientBoostingClassifier,146818,0,1,False,95,0.859987679038965
57,test_performance_singlemodelFalse,False,0.8853998926462694,RandomForestClassifier,146818,0,1,False,95,0.8686200523640843
58,test_performance_singlemodelFalse,False,0.8527911969940956,DecisionTreeClassifier,146818,0,1,False,95,0.8258509163714769
59,test_performance_singlemodelFalse,False,0.8824476650563606,LinearDiscriminantAnalysis,146818,0,1,False,95,0.8653858000924072
60,test_performance_singlemodelFalse,False,0.8821792807300053,GradientBoostingClassifier,146818,0,1,False,95,0.8649545664561835
61,test_performance_singlemodelFalse,False,0.8038781535158347,MLPClassifier,146818,0,1,False,95,0.757107654397043
62,test_performance_singlemodelFalse,False,0.8799651100375738,EnsembleSelection,146818,0,1,False,95,0.8822578161096566
63,test_performance_singlemodelFalse,True,,EnsembleSelection,146818,0,1,False,95,
64,test_performance_singlemodelFalse,False,0.8720477724100912,HistGradientBoostingClassifier,146818,1,1,False,95,0.859317726782689
65,test_performance_singlemodelFalse,False,0.8658749329039184,RandomForestClassifier,146818,1,1,False,95,0.8685815493608502
66,test_performance_singlemodelFalse,False,0.8404455179817498,DecisionTreeClassifier,146818,1,1,False,95,0.8221854304635762
67,test_performance_singlemodelFalse,False,0.8992216854535695,LinearDiscriminantAnalysis,146818,1,1,False,95,0.860657631295241
68,test_performance_singlemodelFalse,False,0.8658749329039184,GradientBoostingClassifier,146818,1,1,False,95,0.8669259202217773
69,test_performance_singlemodelFalse,False,0.8799651100375738,MLPClassifier,146818,1,1,False,95,0.8239180656091175
70,test_performance_singlemodelFalse,False,0.8720477724100912,EnsembleSelection,146818,1,1,False,95,0.8785538271985215
71,test_performance_singlemodelFalse,True,,EnsembleSelection,146818,1,1,False,95,
72,test_performance_singlemodelFalse,False,0.8782206119162641,HistGradientBoostingClassifier,146818,2,1,False,95,0.8486754966887418
73,test_performance_singlemodelFalse,False,0.8782206119162641,RandomForestClassifier,146818,2,1,False,95,0.8659402433389805
74,test_performance_singlemodelFalse,False,0.8535292538915726,DecisionTreeClassifier,146818,2,1,False,95,0.8042507315570615
75,test_performance_singlemodelFalse,False,0.8636607622114869,LinearDiscriminantAnalysis,146818,2,1,False,95,0.8666101955952564
76,test_performance_singlemodelFalse,False,0.8782206119162641,GradientBoostingClassifier,146818,2,1,False,95,0.8583320498998921
77,test_performance_singlemodelFalse,False,0.8705716586151369,MLPClassifier,146818,2,1,False,95,0.8284922223933466
78,test_performance_singlemodelFalse,False,0.8636607622114869,EnsembleSelection,146818,2,1,False,95,0.8729169875250269
79,test_performance_singlemodelFalse,True,,EnsembleSelection,146818,2,1,False,95,
80,test_performance_singlemodelFalse,False,0.855005367686527,HistGradientBoostingClassifier,146818,3,1,False,95,0.8500154012012937
81,test_performance_singlemodelFalse,False,0.8658749329039184,RandomForestClassifier,146818,3,1,False,95,0.8566764207608193
82,test_performance_singlemodelFalse,False,0.8582259796027911,DecisionTreeClassifier,146818,3,1,False,95,0.7912829200677653
83,test_performance_singlemodelFalse,False,0.8651368760064413,LinearDiscriminantAnalysis,146818,3,1,False,95,0.8579778222701371
84,test_performance_singlemodelFalse,False,0.8658749329039184,GradientBoostingClassifier,146818,3,1,False,95,0.8483212690589865
85,test_performance_singlemodelFalse,False,0.8782206119162641,MLPClassifier,146818,3,1,False,95,0.8231326043431388
86,test_performance_singlemodelFalse,False,0.8782206119162641,EnsembleSelection,146818,3,1,False,95,0.8622747574310796
87,test_performance_singlemodelFalse,True,,EnsembleSelection,146818,3,1,False,95,
88,test_performance_singlemodelFalse,False,0.871309715512614,HistGradientBoostingClassifier,146818,4,1,False,95,0.858647774526413
89,test_performance_singlemodelFalse,False,0.8720477724100912,RandomForestClassifier,146818,4,1,False,95,0.8583320498998921
90,test_performance_singlemodelFalse,False,0.8582259796027911,DecisionTreeClassifier,146818,4,1,False,95,0.8059063606961343
91,test_performance_singlemodelFalse,False,0.8745303274288782,LinearDiscriminantAnalysis,146818,4,1,False,95,0.8556907438780226
92,test_performance_singlemodelFalse,False,0.8836553945249597,GradientBoostingClassifier,146818,4,1,False,95,0.8530109348529185
93,test_performance_singlemodelFalse,False,0.8597020933977455,MLPClassifier,146818,4,1,False,95,0.8019636531649468
94,test_performance_singlemodelFalse,False,0.8666129898013957,EnsembleSelection,146818,4,1,False,95,0.8609733559217618
95,test_performance_singlemodelFalse,True,,EnsembleSelection,146818,4,1,False,95,
96,test_performance_singlemodelFalse,False,0.8836553945249597,HistGradientBoostingClassifier,146818,5,1,False,95,0.855967965501309
97,test_performance_singlemodelFalse,False,0.8937869028448739,RandomForestClassifier,146818,5,1,False,95,0.8513553057138457
98,test_performance_singlemodelFalse,False,0.8760064412238325,DecisionTreeClassifier,146818,5,1,False,95,0.8032265516710304
99,test_performance_singlemodelFalse,False,0.8868760064412238,LinearDiscriminantAnalysis,146818,5,1,False,95,0.8623132604343139
100,test_performance_singlemodelFalse,False,0.8720477724100912,GradientBoostingClassifier,146818,5,1,False,95,0.8553365162482673
101,test_performance_singlemodelFalse,False,0.8611782071926999,MLPClassifier,146818,5,1,False,95,0.8437086092715231
102,test_performance_singlemodelFalse,False,0.8705716586151369,EnsembleSelection,146818,5,1,False,95,0.8702756815031573
103,test_performance_singlemodelFalse,True,,EnsembleSelection,146818,5,1,False,95,
104,test_performance_singlemodelFalse,False,0.8883521202361782,HistGradientBoostingClassifier,146818,6,1,False,95,0.8510395810873248
105,test_performance_singlemodelFalse,False,0.8760064412238325,RandomForestClassifier,146818,6,1,False,95,0.849383951948252
106,test_performance_singlemodelFalse,False,0.8458803005904455,DecisionTreeClassifier,146818,6,1,False,95,0.8278607731403049
107,test_performance_singlemodelFalse,False,0.8821792807300053,LinearDiscriminantAnalysis,146818,6,1,False,95,0.8454027414138303
108,test_performance_singlemodelFalse,False,0.871309715512614,GradientBoostingClassifier,146818,6,1,False,95,0.8487139996919759
109,test_performance_singlemodelFalse,False,0.8666129898013957,MLPClassifier,146818,6,1,False,95,0.821161250577545
110,test_performance_singlemodelFalse,False,0.8720477724100912,EnsembleSelection,146818,6,1,False,95,0.8659787463422146
111,test_performance_singlemodelFalse,True,,EnsembleSelection,146818,6,1,False,95,
112,test_performance_singlemodelFalse,False,0.8774825550187869,HistGradientBoostingClassifier,146818,0,2,True,95,0.8569921453873401
113,test_performance_singlemodelFalse,False,0.8915727321524423,RandomForestClassifier,146818,0,2,True,95,0.8692900046203604
114,test_performance_singlemodelFalse,False,0.8821792807300053,DecisionTreeClassifier,146818,0,2,True,95,0.7901432311720313
115,test_performance_singlemodelFalse,False,0.8762748255501878,LinearDiscriminantAnalysis,146818,0,2,True,95,0.8660557523486831
116,test_performance_singlemodelFalse,False,0.871309715512614,GradientBoostingClassifier,146818,0,2,True,95,0.8775681503157247
117,test_performance_singlemodelFalse,False,0.8132716049382716,MLPClassifier,146818,0,2,True,95,0.7746881256738025
118,test_performance_singlemodelFalse,False,0.8767444981213097,EnsembleSelection,146818,0,2,True,95,0.8822193131064222
119,test_performance_singlemodelFalse,True,,EnsembleSelection,146818,0,2,True,95,
120,test_performance_singlemodelFalse,False,0.8829173376274826,HistGradientBoostingClassifier,146818,1,2,True,95,0.8394116741105806
121,test_performance_singlemodelFalse,False,0.871309715512614,RandomForestClassifier,146818,1,2,True,95,0.8450485137840751
122,test_performance_singlemodelFalse,False,0.8557434245840043,DecisionTreeClassifier,146818,1,2,True,95,0.7798552287078392
123,test_performance_singlemodelFalse,False,0.8760064412238325,LinearDiscriminantAnalysis,146818,1,2,True,95,0.8669644232250115
124,test_performance_singlemodelFalse,False,0.8890901771336553,GradientBoostingClassifier,146818,1,2,True,95,0.8566764207608193
125,test_performance_singlemodelFalse,False,0.8698336017176597,MLPClassifier,146818,1,2,True,95,0.8503696288310488
126,test_performance_singlemodelFalse,False,0.8767444981213097,EnsembleSelection,146818,1,2,True,95,0.8669644232250115
127,test_performance_singlemodelFalse,True,,EnsembleSelection,146818,1,2,True,95,
128,test_performance_singlemodelFalse,False,0.8992216854535695,HistGradientBoostingClassifier,146818,2,2,True,95,0.8653087940859387
129,test_performance_singlemodelFalse,False,0.8705716586151369,RandomForestClassifier,146818,2,2,True,95,0.8765824734329277
130,test_performance_singlemodelFalse,False,0.8604401502952228,DecisionTreeClassifier,146818,2,2,True,95,0.7639303865701526
131,test_performance_singlemodelFalse,False,0.8690955448201825,LinearDiscriminantAnalysis,146818,2,2,True,95,0.8603419066687201
132,test_performance_singlemodelFalse,False,0.871309715512614,GradientBoostingClassifier,146818,2,2,True,95,0.874256892037579
133,test_performance_singlemodelFalse,False,0.8488325281803543,MLPClassifier,146818,2,2,True,95,0.8354689665793932
134,test_performance_singlemodelFalse,False,0.871309715512614,EnsembleSelection,146818,2,2,True,95,0.8828892653626983
135,test_performance_singlemodelFalse,True,,EnsembleSelection,146818,2,2,True,95,
136,test_performance_singlemodelFalse,False,0.8767444981213097,HistGradientBoostingClassifier,146818,3,2,True,95,0.8596719544124443
137,test_performance_singlemodelFalse,False,0.8774825550187869,RandomForestClassifier,146818,3,2,True,95,0.8659787463422146
138,test_performance_singlemodelFalse,False,0.8727858293075684,DecisionTreeClassifier,146818,3,2,True,95,0.8070922531957492
139,test_performance_singlemodelFalse,False,0.8698336017176597,LinearDiscriminantAnalysis,146818,3,2,True,95,0.8643231172031418
140,test_performance_singlemodelFalse,False,0.8767444981213097,GradientBoostingClassifier,146818,3,2,True,95,0.8583320498998921
141,test_performance_singlemodelFalse,False,0.8760064412238325,MLPClassifier,146818,3,2,True,95,0.820137070691514
142,test_performance_singlemodelFalse,False,0.871309715512614,EnsembleSelection,146818,3,2,True,95,0.872601262898506
143,test_performance_singlemodelFalse,True,,EnsembleSelection,146818,3,2,True,95,
144,test_performance_singlemodelFalse,False,0.8774825550187869,HistGradientBoostingClassifier,146818,4,2,True,95,0.8563221931310643
145,test_performance_singlemodelFalse,False,0.8720477724100912,RandomForestClassifier,146818,4,2,True,95,0.8642846141999077
146,test_performance_singlemodelFalse,False,0.8727858293075684,DecisionTreeClassifier,146818,4,2,True,95,0.7865162482673649
147,test_performance_singlemodelFalse,False,0.8760064412238325,LinearDiscriminantAnalysis,146818,4,2,True,95,0.8606961342984752
148,test_performance_singlemodelFalse,False,0.8774825550187869,GradientBoostingClassifier,146818,4,2,True,95,0.8609733559217618
149,test_performance_singlemodelFalse,False,0.8868760064412238,MLPClassifier,146818,4,2,True,95,0.8317649776682581
150,test_performance_singlemodelFalse,False,0.8774825550187869,EnsembleSelection,146818,4,2,True,95,0.872247035268751
151,test_performance_singlemodelFalse,True,,EnsembleSelection,146818,4,2,True,95,
152,test_performance_singlemodelFalse,False,0.871309715512614,HistGradientBoostingClassifier,146818,5,2,True,95,0.8450485137840751
153,test_performance_singlemodelFalse,False,0.8658749329039184,RandomForestClassifier,146818,5,2,True,95,0.858647774526413
154,test_performance_singlemodelFalse,False,0.871309715512614,DecisionTreeClassifier,146818,5,2,True,95,0.7755197905436624
155,test_performance_singlemodelFalse,False,0.8760064412238325,LinearDiscriminantAnalysis,146818,5,2,True,95,0.8563606961342984
156,test_performance_singlemodelFalse,False,0.8720477724100912,GradientBoostingClassifier,146818,5,2,True,95,0.8516710303403665
157,test_performance_singlemodelFalse,False,0.8658749329039184,MLPClassifier,146818,5,2,True,95,0.8035422762975513
158,test_performance_singlemodelFalse,False,0.8658749329039184,EnsembleSelection,146818,5,2,True,95,0.8662944709687356
159,test_performance_singlemodelFalse,True,,EnsembleSelection,146818,5,2,True,95,
160,test_performance_singlemodelFalse,False,0.8604401502952228,HistGradientBoostingClassifier,146818,6,2,True,95,0.8540351147389497
161,test_performance_singlemodelFalse,False,0.871309715512614,RandomForestClassifier,146818,6,2,True,95,0.8629832126905899
162,test_performance_singlemodelFalse,False,0.8814412238325282,DecisionTreeClassifier,146818,6,2,True,95,0.7878561527799168
163,test_performance_singlemodelFalse,False,0.8807031669350509,LinearDiscriminantAnalysis,146818,6,2,True,95,0.8726397659017404
164,test_performance_singlemodelFalse,False,0.8774825550187869,GradientBoostingClassifier,146818,6,2,True,95,0.8550207916217465
165,test_performance_singlemodelFalse,False,0.8705716586151369,MLPClassifier,146818,6,2,True,95,0.8427229323887263
166,test_performance_singlemodelFalse,False,0.8814412238325282,EnsembleSelection,146818,6,2,True,95,0.875951024179886
167,test_performance_singlemodelFalse,True,,EnsembleSelection,146818,6,2,True,95,
168,test_performance_singlemodelFalse,False,0.8774825550187869,HistGradientBoostingClassifier,146818,0,2,False,95,0.8672801478515324
169,test_performance_singlemodelFalse,False,0.8853998926462694,RandomForestClassifier,146818,0,2,False,95,0.8692900046203604
170,test_performance_singlemodelFalse,False,0.8698336017176597,DecisionTreeClassifier,146818,0,2,False,95,0.8114276913599261
171,test_performance_singlemodelFalse,False,0.8824476650563606,LinearDiscriminantAnalysis,146818,0,2,False,95,0.867711381487756
172,test_performance_singlemodelFalse,False,0.8767444981213097,GradientBoostingClassifier,146818,0,2,False,95,0.8792237794547975
173,test_performance_singlemodelFalse,False,0.8063607085346216,MLPClassifier,146818,0,2,False,95,0.7953026336054212
174,test_performance_singlemodelFalse,False,0.8814412238325282,EnsembleSelection,146818,0,2,False,95,0.8871862005236408
175,test_performance_singlemodelFalse,True,,EnsembleSelection,146818,0,2,False,95,
176,test_performance_singlemodelFalse,False,0.8658749329039184,HistGradientBoostingClassifier,146818,1,2,False,95,0.8546665639919914
177,test_performance_singlemodelFalse,False,0.8658749329039184,RandomForestClassifier,146818,1,2,False,95,0.8652702910827044
178,test_performance_singlemodelFalse,False,0.8658749329039184,DecisionTreeClassifier,146818,1,2,False,95,0.7998382873864162
179,test_performance_singlemodelFalse,False,0.8930488459473966,LinearDiscriminantAnalysis,146818,1,2,False,95,0.874256892037579
180,test_performance_singlemodelFalse,False,0.8720477724100912,GradientBoostingClassifier,146818,1,2,False,95,0.8612890805482827
181,test_performance_singlemodelFalse,False,0.8930488459473966,MLPClassifier,146818,1,2,False,95,0.847374095179424
182,test_performance_singlemodelFalse,False,0.8821792807300053,EnsembleSelection,146818,1,2,False,95,0.873586939781303
183,test_performance_singlemodelFalse,True,,EnsembleSelection,146818,1,2,False,95,
184,test_performance_singlemodelFalse,False,0.8720477724100912,HistGradientBoostingClassifier,146818,2,2,False,95,0.8533266594794394
185,test_performance_singlemodelFalse,False,0.8720477724100912,RandomForestClassifier,146818,2,2,False,95,0.870907130756199
186,test_performance_singlemodelFalse,False,0.8658749329039184,DecisionTreeClassifier,146818,2,2,False,95,0.7991298321269059
187,test_performance_singlemodelFalse,False,0.8651368760064413,LinearDiscriminantAnalysis,146818,2,2,False,95,0.859317726782689
188,test_performance_singlemodelFalse,False,0.8720477724100912,GradientBoostingClassifier,146818,2,2,False,95,0.8659402433389805
189,test_performance_singlemodelFalse,False,0.871309715512614,MLPClassifier,146818,2,2,False,95,0.8410673032496535
190,test_performance_singlemodelFalse,False,0.8720477724100912,EnsembleSelection,146818,2,2,False,95,0.8739026644078238
191,test_performance_singlemodelFalse,True,,EnsembleSelection,146818,2,2,False,95,
192,test_performance_singlemodelFalse,False,0.871309715512614,HistGradientBoostingClassifier,146818,3,2,False,95,0.8493069459417835
193,test_performance_singlemodelFalse,False,0.8604401502952228,RandomForestClassifier,146818,3,2,False,95,0.8582935468966579
194,test_performance_singlemodelFalse,False,0.8317901234567902,DecisionTreeClassifier,146818,3,2,False,95,0.7888418296627138
195,test_performance_singlemodelFalse,False,0.8821792807300053,LinearDiscriminantAnalysis,146818,3,2,False,95,0.8662944709687356
196,test_performance_singlemodelFalse,False,0.871309715512614,GradientBoostingClassifier,146818,3,2,False,95,0.8606191282920068
197,test_performance_singlemodelFalse,False,0.8658749329039184,MLPClassifier,146818,3,2,False,95,0.8251424611119667
198,test_performance_singlemodelFalse,False,0.8767444981213097,EnsembleSelection,146818,3,2,False,95,0.8712228553827199
199,test_performance_singlemodelFalse,True,,EnsembleSelection,146818,3,2,False,95,
200,test_performance_singlemodelFalse,False,0.8774825550187869,HistGradientBoostingClassifier,146818,4,2,False,95,0.8539966117357154
201,test_performance_singlemodelFalse,False,0.8774825550187869,RandomForestClassifier,146818,4,2,False,95,0.8589634991529339
202,test_performance_singlemodelFalse,False,0.8270933977455717,DecisionTreeClassifier,146818,4,2,False,95,0.7968042507315571
203,test_performance_singlemodelFalse,False,0.8876140633387011,LinearDiscriminantAnalysis,146818,4,2,False,95,0.8626289850608347
204,test_performance_singlemodelFalse,False,0.8767444981213097,GradientBoostingClassifier,146818,4,2,False,95,0.8516710303403665
205,test_performance_singlemodelFalse,False,0.8535292538915726,MLPClassifier,146818,4,2,False,95,0.844024333898044
206,test_performance_singlemodelFalse,False,0.8774825550187869,EnsembleSelection,146818,4,2,False,95,0.8636146619436316
207,test_performance_singlemodelFalse,True,,EnsembleSelection,146818,4,2,False,95,
208,test_performance_singlemodelFalse,False,0.8829173376274826,HistGradientBoostingClassifier,146818,5,2,False,95,0.8622747574310796
209,test_performance_singlemodelFalse,False,0.8774825550187869,RandomForestClassifier,146818,5,2,False,95,0.8503311258278146
210,test_performance_singlemodelFalse,False,0.8107890499194848,DecisionTreeClassifier,146818,5,2,False,95,0.8064608039427075
211,test_performance_singlemodelFalse,False,0.8876140633387011,LinearDiscriminantAnalysis,146818,5,2,False,95,0.8420914831356845
212,test_performance_singlemodelFalse,False,0.8767444981213097,GradientBoostingClassifier,146818,5,2,False,95,0.8563221931310643
213,test_performance_singlemodelFalse,False,0.8883521202361782,MLPClassifier,146818,5,2,False,95,0.8294393962729093
214,test_performance_singlemodelFalse,False,0.8774825550187869,EnsembleSelection,146818,5,2,False,95,0.8652702910827044
215,test_performance_singlemodelFalse,True,,EnsembleSelection,146818,5,2,False,95,
216,test_performance_singlemodelFalse,False,0.8619162640901772,HistGradientBoostingClassifier,146818,6,2,False,95,0.870907130756199
217,test_performance_singlemodelFalse,False,0.871309715512614,RandomForestClassifier,146818,6,2,False,95,0.8446942861543201
218,test_performance_singlemodelFalse,False,0.8495705850778315,DecisionTreeClassifier,146818,6,2,False,95,0.8011396888957338
219,test_performance_singlemodelFalse,False,0.8814412238325282,LinearDiscriminantAnalysis,146818,6,2,False,95,0.8662944709687356
220,test_performance_singlemodelFalse,False,0.8767444981213097,GradientBoostingClassifier,146818,6,2,False,95,0.8619590328045588
221,test_performance_singlemodelFalse,False,0.8930488459473966,MLPClassifier,146818,6,2,False,95,0.819821346064993
222,test_performance_singlemodelFalse,False,0.8673510466988728,EnsembleSelection,146818,6,2,False,95,0.870907130756199
223,test_performance_singlemodelFalse,True,,EnsembleSelection,146818,6,2,False,95,
224,test_performance_singlemodelFalse,False,0.8720477724100912,HistGradientBoostingClassifier,146818,0,5,True,95,0.8546665639919914
225,test_performance_singlemodelFalse,False,0.8853998926462694,RandomForestClassifier,146818,0,5,True,95,0.8673186508547667
226,test_performance_singlemodelFalse,False,0.8908346752549652,DecisionTreeClassifier,146818,0,5,True,95,0.8477283228091791
227,test_performance_singlemodelFalse,False,0.8824476650563606,LinearDiscriminantAnalysis,146818,0,5,True,95,0.868381333744032
228,test_performance_singlemodelFalse,False,0.8767444981213097,GradientBoostingClassifier,146818,0,5,True,95,0.8692900046203604
229,test_performance_singlemodelFalse,False,0.8194444444444444,MLPClassifier,146818,0,5,True,95,0.7975897119975358
230,test_performance_singlemodelFalse,False,0.8792270531400965,EnsembleSelection,146818,0,5,True,95,0.8785923302017558
231,test_performance_singlemodelFalse,True,,EnsembleSelection,146818,0,5,True,95,
232,test_performance_singlemodelFalse,False,0.8821792807300053,HistGradientBoostingClassifier,146818,1,5,True,95,0.8493454489450177
233,test_performance_singlemodelFalse,False,0.8814412238325282,RandomForestClassifier,146818,1,5,True,95,0.8417372555059295
234,test_performance_singlemodelFalse,False,0.871309715512614,DecisionTreeClassifier,146818,1,5,True,95,0.8513553057138457
235,test_performance_singlemodelFalse,False,0.8868760064412238,LinearDiscriminantAnalysis,146818,1,5,True,95,0.861997535807793
236,test_performance_singlemodelFalse,False,0.8821792807300053,GradientBoostingClassifier,146818,1,5,True,95,0.846034190666872
237,test_performance_singlemodelFalse,False,0.864398819108964,MLPClassifier,146818,1,5,True,95,0.83310488218081
238,test_performance_singlemodelFalse,False,0.8868760064412238,EnsembleSelection,146818,1,5,True,95,0.8646388418296627
239,test_performance_singlemodelFalse,True,,EnsembleSelection,146818,1,5,True,95,
240,test_performance_singlemodelFalse,False,0.8441358024691358,HistGradientBoostingClassifier,146818,2,5,True,95,0.8503696288310488
241,test_performance_singlemodelFalse,False,0.8597020933977455,RandomForestClassifier,146818,2,5,True,95,0.8768981980594486
242,test_performance_singlemodelFalse,False,0.837962962962963,DecisionTreeClassifier,146818,2,5,True,95,0.8404358539966117
243,test_performance_singlemodelFalse,False,0.8799651100375738,LinearDiscriminantAnalysis,146818,2,5,True,95,0.8540351147389497
244,test_performance_singlemodelFalse,False,0.8720477724100912,GradientBoostingClassifier,146818,2,5,True,95,0.8659402433389805
245,test_performance_singlemodelFalse,False,0.864398819108964,MLPClassifier,146818,2,5,True,95,0.8334206068073309
246,test_performance_singlemodelFalse,False,0.8535292538915726,EnsembleSelection,146818,2,5,True,95,0.8745726166640998
247,test_performance_singlemodelFalse,True,,EnsembleSelection,146818,2,5,True,95,
248,test_performance_singlemodelFalse,False,0.8705716586151369,HistGradientBoostingClassifier,146818,3,5,True,95,0.8686200523640843
249,test_performance_singlemodelFalse,False,0.864398819108964,RandomForestClassifier,146818,3,5,True,95,0.8765824734329277
250,test_performance_singlemodelFalse,False,0.8651368760064413,DecisionTreeClassifier,146818,3,5,True,95,0.8629832126905899
251,test_performance_singlemodelFalse,False,0.8426596886741814,LinearDiscriminantAnalysis,146818,3,5,True,95,0.8772524256892038
252,test_performance_singlemodelFalse,False,0.8705716586151369,GradientBoostingClassifier,146818,3,5,True,95,0.8755967965501309
253,test_performance_singlemodelFalse,False,0.8527911969940956,MLPClassifier,146818,3,5,True,95,0.8317649776682581
254,test_performance_singlemodelFalse,False,0.8651368760064413,EnsembleSelection,146818,3,5,True,95,0.8822193131064222
255,test_performance_singlemodelFalse,True,,EnsembleSelection,146818,3,5,True,95,
256,test_performance_singlemodelFalse,False,0.8589640365002684,HistGradientBoostingClassifier,146818,4,5,True,95,0.861997535807793
257,test_performance_singlemodelFalse,False,0.8636607622114869,RandomForestClassifier,146818,4,5,True,95,0.8733097181580163
258,test_performance_singlemodelFalse,False,0.8488325281803543,DecisionTreeClassifier,146818,4,5,True,95,0.8556907438780226
259,test_performance_singlemodelFalse,False,0.8527911969940956,LinearDiscriminantAnalysis,146818,4,5,True,95,0.8699599568766363
260,test_performance_singlemodelFalse,False,0.8698336017176597,GradientBoostingClassifier,146818,4,5,True,95,0.862667488064069
261,test_performance_singlemodelFalse,False,0.8636607622114869,MLPClassifier,146818,4,5,True,95,0.8427229323887263
262,test_performance_singlemodelFalse,False,0.8636607622114869,EnsembleSelection,146818,4,5,True,95,0.8755967965501309
263,test_performance_singlemodelFalse,True,,EnsembleSelection,146818,4,5,True,95,
264,test_performance_singlemodelFalse,False,0.8582259796027911,HistGradientBoostingClassifier,146818,5,5,True,95,0.864007392576621
265,test_performance_singlemodelFalse,False,0.8466183574879227,RandomForestClassifier,146818,5,5,True,95,0.8606961342984752
266,test_performance_singlemodelFalse,False,0.8419216317767042,DecisionTreeClassifier,146818,5,5,True,95,0.8480825504389342
267,test_performance_singlemodelFalse,False,0.8473564143853999,LinearDiscriminantAnalysis,146818,5,5,True,95,0.877290928692438
268,test_performance_singlemodelFalse,False,0.8520531400966183,GradientBoostingClassifier,146818,5,5,True,95,0.8686585553673186
269,test_performance_singlemodelFalse,False,0.864398819108964,MLPClassifier,146818,5,5,True,95,0.8560064685045433
270,test_performance_singlemodelFalse,False,0.8527911969940956,EnsembleSelection,146818,5,5,True,95,0.8789465578315109
271,test_performance_singlemodelFalse,True,,EnsembleSelection,146818,5,5,True,95,
272,test_performance_singlemodelFalse,False,0.8364868491680086,HistGradientBoostingClassifier,146818,6,5,True,95,0.8490297243184968
273,test_performance_singlemodelFalse,False,0.8303140096618358,RandomForestClassifier,146818,6,5,True,95,0.8649930694594179
274,test_performance_singlemodelFalse,False,0.831052066559313,DecisionTreeClassifier,146818,6,5,True,95,0.8414215308794086
275,test_performance_singlemodelFalse,False,0.8473564143853999,LinearDiscriminantAnalysis,146818,6,5,True,95,0.8670029262282457
276,test_performance_singlemodelFalse,False,0.841183574879227,GradientBoostingClassifier,146818,6,5,True,95,0.8653087940859387
277,test_performance_singlemodelFalse,False,0.8527911969940956,MLPClassifier,146818,6,5,True,95,0.8417372555059295
278,test_performance_singlemodelFalse,False,0.8357487922705313,EnsembleSelection,146818,6,5,True,95,0.8766209764361621
279,test_performance_singlemodelFalse,True,,EnsembleSelection,146818,6,5,True,95,
280,test_performance_singlemodelFalse,False,0.8720477724100912,HistGradientBoostingClassifier,146818,0,5,False,95,0.8576620976436162
281,test_performance_singlemodelFalse,False,0.8853998926462694,RandomForestClassifier,146818,0,5,False,95,0.8656630217156938
282,test_performance_singlemodelFalse,False,0.8853998926462694,DecisionTreeClassifier,146818,0,5,False,95,0.8437471122747574
283,test_performance_singlemodelFalse,False,0.8824476650563606,LinearDiscriminantAnalysis,146818,0,5,False,95,0.8644001232096103
284,test_performance_singlemodelFalse,False,0.8767444981213097,GradientBoostingClassifier,146818,0,5,False,95,0.8702756815031573
285,test_performance_singlemodelFalse,False,0.8132716049382716,MLPClassifier,146818,0,5,False,95,0.7726782689049746
286,test_performance_singlemodelFalse,False,0.8752683843263553,EnsembleSelection,146818,0,5,False,95,0.8732712151547821
287,test_performance_singlemodelFalse,True,,EnsembleSelection,146818,0,5,False,95,
288,test_performance_singlemodelFalse,False,0.8535292538915726,HistGradientBoostingClassifier,146818,1,5,False,95,0.8629447096873556
289,test_performance_singlemodelFalse,False,0.8705716586151369,RandomForestClassifier,146818,1,5,False,95,0.8516710303403665
290,test_performance_singlemodelFalse,False,0.841183574879227,DecisionTreeClassifier,146818,1,5,False,95,0.8367703680887109
291,test_performance_singlemodelFalse,False,0.8930488459473966,LinearDiscriminantAnalysis,146818,1,5,False,95,0.8613275835515171
292,test_performance_singlemodelFalse,False,0.8589640365002684,GradientBoostingClassifier,146818,1,5,False,95,0.8476898198059448
293,test_performance_singlemodelFalse,False,0.8705716586151369,MLPClassifier,146818,1,5,False,95,0.8244340058524564
294,test_performance_singlemodelFalse,False,0.8651368760064413,EnsembleSelection,146818,1,5,False,95,0.8652702910827044
295,test_performance_singlemodelFalse,True,,EnsembleSelection,146818,1,5,False,95,
296,test_performance_singlemodelFalse,False,0.8836553945249597,HistGradientBoostingClassifier,146818,2,5,False,95,0.860303403665486
297,test_performance_singlemodelFalse,False,0.8774825550187869,RandomForestClassifier,146818,2,5,False,95,0.8672801478515324
298,test_performance_singlemodelFalse,False,0.864398819108964,DecisionTreeClassifier,146818,2,5,False,95,0.8540351147389497
299,test_performance_singlemodelFalse,False,0.8567498658078369,LinearDiscriminantAnalysis,146818,2,5,False,95,0.8676343754812875
300,test_performance_singlemodelFalse,False,0.871309715512614,GradientBoostingClassifier,146818,2,5,False,95,0.8775681503157247
301,test_performance_singlemodelFalse,False,0.8636607622114869,MLPClassifier,146818,2,5,False,95,0.8354304635761589
302,test_performance_singlemodelFalse,False,0.8767444981213097,EnsembleSelection,146818,2,5,False,95,0.8789080548282766
303,test_performance_singlemodelFalse,True,,EnsembleSelection,146818,2,5,False,95,
304,test_performance_singlemodelFalse,False,0.8890901771336553,HistGradientBoostingClassifier,146818,3,5,False,95,0.8560064685045433
305,test_performance_singlemodelFalse,False,0.8651368760064413,RandomForestClassifier,146818,3,5,False,95,0.8629832126905899
306,test_performance_singlemodelFalse,False,0.8683574879227053,DecisionTreeClassifier,146818,3,5,False,95,0.8407900816263669
307,test_performance_singlemodelFalse,False,0.8705716586151369,LinearDiscriminantAnalysis,146818,3,5,False,95,0.8672801478515324
308,test_performance_singlemodelFalse,False,0.8774825550187869,GradientBoostingClassifier,146818,3,5,False,95,0.8569921453873401
309,test_performance_singlemodelFalse,False,0.8821792807300053,MLPClassifier,146818,3,5,False,95,0.8390574464808255
310,test_performance_singlemodelFalse,False,0.8651368760064413,EnsembleSelection,146818,3,5,False,95,0.872601262898506
311,test_performance_singlemodelFalse,True,,EnsembleSelection,146818,3,5,False,95,
312,test_performance_singlemodelFalse,False,0.8760064412238325,HistGradientBoostingClassifier,146818,4,5,False,95,0.859987679038965
313,test_performance_singlemodelFalse,False,0.8807031669350509,RandomForestClassifier,146818,4,5,False,95,0.8669644232250115
314,test_performance_singlemodelFalse,False,0.8745303274288782,DecisionTreeClassifier,146818,4,5,False,95,0.8297551208994302
315,test_performance_singlemodelFalse,False,0.8760064412238325,LinearDiscriminantAnalysis,146818,4,5,False,95,0.8669644232250115
316,test_performance_singlemodelFalse,False,0.8582259796027911,GradientBoostingClassifier,146818,4,5,False,95,0.8643231172031418
317,test_performance_singlemodelFalse,False,0.8829173376274826,MLPClassifier,146818,4,5,False,95,0.8443785615277992
318,test_performance_singlemodelFalse,False,0.8760064412238325,EnsembleSelection,146818,4,5,False,95,0.8669644232250115
319,test_performance_singlemodelFalse,True,,EnsembleSelection,146818,4,5,False,95,
320,test_performance_singlemodelFalse,False,0.8651368760064413,HistGradientBoostingClassifier,146818,5,5,False,95,0.8417372555059295
321,test_performance_singlemodelFalse,False,0.864398819108964,RandomForestClassifier,146818,5,5,False,95,0.8496996765747729
322,test_performance_singlemodelFalse,False,0.8419216317767042,DecisionTreeClassifier,146818,5,5,False,95,0.8059063606961343
323,test_performance_singlemodelFalse,False,0.8792270531400965,LinearDiscriminantAnalysis,146818,5,5,False,95,0.8666486985984907
324,test_performance_singlemodelFalse,False,0.864398819108964,GradientBoostingClassifier,146818,5,5,False,95,0.8440628369012784
325,test_performance_singlemodelFalse,False,0.8582259796027911,MLPClassifier,146818,5,5,False,95,0.846704142923148
326,test_performance_singlemodelFalse,False,0.857487922705314,EnsembleSelection,146818,5,5,False,95,0.8706299091329124
327,test_performance_singlemodelFalse,True,,EnsembleSelection,146818,5,5,False,95,
328,test_performance_singlemodelFalse,False,0.864398819108964,HistGradientBoostingClassifier,146818,6,5,False,95,0.8560064685045433
329,test_performance_singlemodelFalse,False,0.873792270531401,RandomForestClassifier,146818,6,5,False,95,0.849383951948252
330,test_performance_singlemodelFalse,False,0.873792270531401,DecisionTreeClassifier,146818,6,5,False,95,0.8254966887417219
331,test_performance_singlemodelFalse,False,0.8730542136339238,LinearDiscriminantAnalysis,146818,6,5,False,95,0.8530494378561528
332,test_performance_singlemodelFalse,False,0.8629227053140096,GradientBoostingClassifier,146818,6,5,False,95,0.8510395810873248
333,test_performance_singlemodelFalse,False,0.8426596886741814,MLPClassifier,146818,6,5,False,95,0.8410673032496535
334,test_performance_singlemodelFalse,False,0.8690955448201825,EnsembleSelection,146818,6,5,False,95,0.8656245187124596
