,hue,repeated_ensemble,performance,model,dataset_name,level,repeat,seed,val_score
0,test_performance_singlemodelFalse,False,0.971844300537868,HistGradientBoostingClassifier,146822,0,1,96,0.9724231061169172
1,test_performance_singlemodelFalse,False,0.968227664009839,RandomForestClassifier,146822,0,1,96,0.9673005142003129
2,test_performance_singlemodelFalse,False,0.9647218133647336,DecisionTreeClassifier,146822,0,1,96,0.9465571895617059
3,test_performance_singlemodelFalse,False,0.900149019476704,LinearDiscriminantAnalysis,146822,0,1,96,0.9081362071085258
4,test_performance_singlemodelFalse,False,0.9592639247853098,GradientBoostingClassifier,146822,0,1,96,0.9649612949817722
5,test_performance_singlemodelFalse,False,0.9495658195252096,MLPClassifier,146822,0,1,96,0.9530871547401185
6,test_performance_singlemodelFalse,False,0.9698887935779453,EnsembleSelection,146822,0,1,96,0.9787060434021997
7,test_performance_singlemodelFalse,True,,EnsembleSelection,146822,0,1,96,
8,test_performance_singlemodelFalse,False,0.9788432370298723,HistGradientBoostingClassifier,146822,1,1,96,0.9690115387329292
9,test_performance_singlemodelFalse,False,0.9699488344057082,RandomForestClassifier,146822,1,1,96,0.970166459952089
10,test_performance_singlemodelFalse,False,0.9681405161416937,DecisionTreeClassifier,146822,1,1,96,0.9557972404622468
11,test_performance_singlemodelFalse,False,0.971991489233776,LinearDiscriminantAnalysis,146822,1,1,96,0.9387072817036591
12,test_performance_singlemodelFalse,False,0.9753737891977516,GradientBoostingClassifier,146822,1,1,96,0.9643275209438237
13,test_performance_singlemodelFalse,False,0.9698016457098,MLPClassifier,146822,1,1,96,0.9678717721054794
14,test_performance_singlemodelFalse,False,0.9753137483699886,EnsembleSelection,146822,1,1,96,0.974776060307155
15,test_performance_singlemodelFalse,True,,EnsembleSelection,146822,1,1,96,
16,test_performance_singlemodelFalse,False,0.9714027344501435,HistGradientBoostingClassifier,146822,2,1,96,0.9603632418485816
17,test_performance_singlemodelFalse,False,0.9701831709697615,RandomForestClassifier,146822,2,1,96,0.9683354901148011
18,test_performance_singlemodelFalse,False,0.9733582414100661,DecisionTreeClassifier,146822,2,1,96,0.9198382763356019
19,test_performance_singlemodelFalse,False,0.9701831709697615,LinearDiscriminantAnalysis,146822,2,1,96,0.9627374821168402
20,test_performance_singlemodelFalse,False,0.9649654457013892,GradientBoostingClassifier,146822,2,1,96,0.9672458814160514
21,test_performance_singlemodelFalse,False,0.9752266005018433,MLPClassifier,146822,2,1,96,0.9690264041627303
22,test_performance_singlemodelFalse,False,0.9752266005018433,EnsembleSelection,146822,2,1,96,0.9736431156120515
23,test_performance_singlemodelFalse,True,,EnsembleSelection,146822,2,1,96,
24,test_performance_singlemodelFalse,False,0.9700359822738535,HistGradientBoostingClassifier,146822,3,1,96,0.9632324408908107
25,test_performance_singlemodelFalse,False,0.9717571526697226,RandomForestClassifier,146822,3,1,96,0.9654806253833004
26,test_performance_singlemodelFalse,False,0.9558308797661735,DecisionTreeClassifier,146822,3,1,96,0.9369103700338611
27,test_performance_singlemodelFalse,False,0.9333259561649603,LinearDiscriminantAnalysis,146822,3,1,96,0.9018758125271743
28,test_performance_singlemodelFalse,False,0.9735654709337371,GradientBoostingClassifier,146822,3,1,96,0.9632547065767764
29,test_performance_singlemodelFalse,False,0.9735654709337371,MLPClassifier,146822,3,1,96,0.9665791619559887
30,test_performance_singlemodelFalse,False,0.9717571526697226,EnsembleSelection,146822,3,1,96,0.9706358263553649
31,test_performance_singlemodelFalse,True,,EnsembleSelection,146822,3,1,96,
32,test_performance_singlemodelFalse,False,0.9717571526697226,HistGradientBoostingClassifier,146822,4,1,96,0.9575169037068924
33,test_performance_singlemodelFalse,False,0.9752266005018433,RandomForestClassifier,146822,4,1,96,0.9580105768202527
34,test_performance_singlemodelFalse,False,0.9535267813336699,DecisionTreeClassifier,146822,4,1,96,0.9366576844480018
35,test_performance_singlemodelFalse,False,0.9509404656769979,LinearDiscriminantAnalysis,146822,4,1,96,0.8539408682623286
36,test_performance_singlemodelFalse,False,0.9716099639738145,GradientBoostingClassifier,146822,4,1,96,0.9574992249987065
37,test_performance_singlemodelFalse,False,0.9666265752694956,MLPClassifier,146822,4,1,96,0.960945442462274
38,test_performance_singlemodelFalse,False,0.9700960231016164,EnsembleSelection,146822,4,1,96,0.9615217055201034
39,test_performance_singlemodelFalse,True,,EnsembleSelection,146822,4,1,96,
40,test_performance_singlemodelFalse,False,0.9699488344057082,HistGradientBoostingClassifier,146822,5,1,96,0.9575603046207192
41,test_performance_singlemodelFalse,False,0.9717571526697226,RandomForestClassifier,146822,5,1,96,0.9513324663212982
42,test_performance_singlemodelFalse,False,0.9563595937220433,DecisionTreeClassifier,146822,5,1,96,0.9404674886814872
43,test_performance_singlemodelFalse,False,0.9615467429244291,LinearDiscriminantAnalysis,146822,5,1,96,0.9033663628238916
44,test_performance_singlemodelFalse,False,0.964812430258483,GradientBoostingClassifier,146822,5,1,96,0.9535986186838826
45,test_performance_singlemodelFalse,False,0.9667737639654037,MLPClassifier,146822,5,1,96,0.9609035691662215
46,test_performance_singlemodelFalse,False,0.9699488344057082,EnsembleSelection,146822,5,1,96,0.9632960015490107
47,test_performance_singlemodelFalse,True,,EnsembleSelection,146822,5,1,96,
48,test_performance_singlemodelFalse,False,0.9700359822738535,HistGradientBoostingClassifier,146822,6,1,96,0.953491255827729
49,test_performance_singlemodelFalse,False,0.9717571526697226,RandomForestClassifier,146822,6,1,96,0.9557696804617093
50,test_performance_singlemodelFalse,False,0.9565997570330947,DecisionTreeClassifier,146822,6,1,96,0.9437182516761807
51,test_performance_singlemodelFalse,False,0.9598348683011622,LinearDiscriminantAnalysis,146822,6,1,96,0.9437772084658446
52,test_performance_singlemodelFalse,False,0.959627638777491,GradientBoostingClassifier,146822,6,1,96,0.9563908720511398
53,test_performance_singlemodelFalse,False,0.9682877048376018,MLPClassifier,146822,6,1,96,0.9547039771889171
54,test_performance_singlemodelFalse,False,0.9700960231016164,EnsembleSelection,146822,6,1,96,0.9615085447477675
55,test_performance_singlemodelFalse,True,,EnsembleSelection,146822,6,1,96,
56,test_performance_singlemodelTrue,False,0.971844300537868,HistGradientBoostingClassifier,146822,0,1,96,0.9724231061169172
57,test_performance_singlemodelTrue,False,0.968227664009839,RandomForestClassifier,146822,0,1,96,0.9673005142003129
58,test_performance_singlemodelTrue,False,0.9647218133647336,DecisionTreeClassifier,146822,0,1,96,0.9465571895617059
59,test_performance_singlemodelTrue,False,0.900149019476704,LinearDiscriminantAnalysis,146822,0,1,96,0.9081362071085258
60,test_performance_singlemodelTrue,False,0.9592639247853098,GradientBoostingClassifier,146822,0,1,96,0.9649612949817722
61,test_performance_singlemodelTrue,False,0.9475646139797004,MLPClassifier,146822,0,1,96,0.9485458100187933
62,test_performance_singlemodelTrue,False,0.9665665344417327,EnsembleSelection,146822,0,1,96,0.9764725472998202
63,test_performance_singlemodelTrue,True,,EnsembleSelection,146822,0,1,96,
64,test_performance_singlemodelTrue,False,0.9752266005018433,HistGradientBoostingClassifier,146822,1,1,96,0.965496664351494
65,test_performance_singlemodelTrue,False,0.9667137231376408,RandomForestClassifier,146822,1,1,96,0.9632742230798585
66,test_performance_singlemodelTrue,False,0.9479540332151603,DecisionTreeClassifier,146822,1,1,96,0.9487691963568416
67,test_performance_singlemodelTrue,False,0.9039585432862278,LinearDiscriminantAnalysis,146822,1,1,96,0.89204761113196
68,test_performance_singlemodelTrue,False,0.9572906065576069,GradientBoostingClassifier,146822,1,1,96,0.9564598391461299
69,test_performance_singlemodelTrue,False,0.9511355519221425,MLPClassifier,146822,1,1,96,0.9547590248455771
70,test_performance_singlemodelTrue,False,0.968227664009839,EnsembleSelection,146822,1,1,96,0.9747145794010157
71,test_performance_singlemodelTrue,True,,EnsembleSelection,146822,1,1,96,
72,test_performance_singlemodelTrue,False,0.9753137483699886,HistGradientBoostingClassifier,146822,2,1,96,0.9563443037795466
73,test_performance_singlemodelTrue,False,0.9634515048291911,RandomForestClassifier,146822,2,1,96,0.9609011740627205
74,test_performance_singlemodelTrue,False,0.9455062151123522,DecisionTreeClassifier,146822,2,1,96,0.9373934242040892
75,test_performance_singlemodelTrue,False,0.9039585432862278,LinearDiscriminantAnalysis,146822,2,1,96,0.895554619055631
76,test_performance_singlemodelTrue,False,0.9509346389299999,GradientBoostingClassifier,146822,2,1,96,0.9523526627386715
77,test_performance_singlemodelTrue,False,0.962366189599645,MLPClassifier,146822,2,1,96,0.9553089055657181
78,test_performance_singlemodelTrue,False,0.96324427530552,EnsembleSelection,146822,2,1,96,0.9712774668510776
79,test_performance_singlemodelTrue,True,,EnsembleSelection,146822,2,1,96,
80,test_performance_singlemodelTrue,False,0.9595126035915393,HistGradientBoostingClassifier,146822,3,1,96,0.952278133182414
81,test_performance_singlemodelTrue,False,0.9599220161693074,RandomForestClassifier,146822,3,1,96,0.961588256496379
82,test_performance_singlemodelTrue,False,0.9510783586003039,DecisionTreeClassifier,146822,3,1,96,0.9409001429658514
83,test_performance_singlemodelTrue,False,0.2857142857142857,LinearDiscriminantAnalysis,146822,3,1,96,0.42139802822049727
84,test_performance_singlemodelTrue,False,0.9488226475015669,GradientBoostingClassifier,146822,3,1,96,0.9494936300262461
85,test_performance_singlemodelTrue,False,0.9608522487274469,MLPClassifier,146822,3,1,96,0.9553178334396566
86,test_performance_singlemodelTrue,False,0.96324427530552,EnsembleSelection,146822,3,1,96,0.9684349865131907
87,test_performance_singlemodelTrue,True,,EnsembleSelection,146822,3,1,96,
88,test_performance_singlemodelTrue,False,0.9661300148235821,HistGradientBoostingClassifier,146822,4,1,96,0.9529433040094891
89,test_performance_singlemodelTrue,False,0.9582608866012011,RandomForestClassifier,146822,4,1,96,0.9592879202558152
90,test_performance_singlemodelTrue,False,0.9507382826229008,DecisionTreeClassifier,146822,4,1,96,0.9416223585714457
91,test_performance_singlemodelTrue,False,0.9042021756228834,LinearDiscriminantAnalysis,146822,4,1,96,0.7814523104173655
92,test_performance_singlemodelTrue,False,0.9475523389660243,GradientBoostingClassifier,146822,4,1,96,0.9552073504304813
93,test_performance_singlemodelTrue,False,0.962366189599645,MLPClassifier,146822,4,1,96,0.95181410499597
94,test_performance_singlemodelTrue,False,0.9578193205134766,EnsembleSelection,146822,4,1,96,0.9707588268955852
95,test_performance_singlemodelTrue,True,,EnsembleSelection,146822,4,1,96,
96,test_performance_singlemodelTrue,False,0.9631021330791858,HistGradientBoostingClassifier,146822,5,1,96,0.9557132958152376
97,test_performance_singlemodelTrue,False,0.9615831457374137,RandomForestClassifier,146822,5,1,96,0.954114462251747
98,test_performance_singlemodelTrue,False,0.9487320306078175,DecisionTreeClassifier,146822,5,1,96,0.9391237409953519
99,test_performance_singlemodelTrue,False,0.37140562248995984,LinearDiscriminantAnalysis,146822,5,1,96,0.36569970472502755
100,test_performance_singlemodelTrue,False,0.9584986921908586,GradientBoostingClassifier,146822,5,1,96,0.9281853182418814
101,test_performance_singlemodelTrue,False,0.9555744826313116,MLPClassifier,146822,5,1,96,0.9500902088529266
102,test_performance_singlemodelTrue,False,0.9665665344417327,EnsembleSelection,146822,5,1,96,0.9637780415078094
103,test_performance_singlemodelTrue,True,,EnsembleSelection,146822,5,1,96,
104,test_performance_singlemodelTrue,False,0.9649054048736263,HistGradientBoostingClassifier,146822,6,1,96,0.9488908725085105
105,test_performance_singlemodelTrue,False,0.9507332361533268,RandomForestClassifier,146822,6,1,96,0.9603899343633923
106,test_performance_singlemodelTrue,False,0.9436793053031335,DecisionTreeClassifier,146822,6,1,96,0.9466111791046765
107,test_performance_singlemodelTrue,False,0.8861325549474909,LinearDiscriminantAnalysis,146822,6,1,96,0.8903967531128997
108,test_performance_singlemodelTrue,False,0.9528901458899225,GradientBoostingClassifier,146822,6,1,96,0.948886660625326
109,test_performance_singlemodelTrue,False,0.9555744826313116,MLPClassifier,146822,6,1,96,0.945462640627766
110,test_performance_singlemodelTrue,False,0.9665665344417327,EnsembleSelection,146822,6,1,96,0.9690023866145548
111,test_performance_singlemodelTrue,True,,EnsembleSelection,146822,6,1,96,
112,test_performance_singlemodelFalse,False,0.9737126596296451,HistGradientBoostingClassifier,146822,0,2,96,0.9758436662923168
113,test_performance_singlemodelFalse,False,0.968227664009839,RandomForestClassifier,146822,0,2,96,0.9724394991644928
114,test_performance_singlemodelFalse,False,0.9629134951007191,DecisionTreeClassifier,146822,0,2,96,0.9586778746041335
115,test_performance_singlemodelFalse,False,0.900149019476704,LinearDiscriminantAnalysis,146822,0,2,96,0.9081109511044848
116,test_performance_singlemodelFalse,False,0.9575427543894406,GradientBoostingClassifier,146822,0,2,96,0.9717969911830534
117,test_performance_singlemodelFalse,False,0.9552851517090694,MLPClassifier,146822,0,2,96,0.9564723533746898
118,test_performance_singlemodelFalse,False,0.9736526188018824,EnsembleSelection,146822,0,2,96,0.9792662674918355
119,test_performance_singlemodelFalse,True,,EnsembleSelection,146822,0,2,96,
120,test_performance_singlemodelFalse,False,0.9699488344057082,HistGradientBoostingClassifier,146822,1,2,96,0.9723908039360942
121,test_performance_singlemodelFalse,False,0.9679933274457856,RandomForestClassifier,146822,1,2,96,0.9729835072462442
122,test_performance_singlemodelFalse,False,0.9676989500539692,DecisionTreeClassifier,146822,1,2,96,0.9564396835262131
123,test_performance_singlemodelFalse,False,0.9736526188018824,LinearDiscriminantAnalysis,146822,1,2,96,0.9729450904698671
124,test_performance_singlemodelFalse,False,0.9716099639738145,GradientBoostingClassifier,146822,1,2,96,0.9706523315251585
125,test_performance_singlemodelFalse,False,0.9698016457098,MLPClassifier,146822,1,2,96,0.973518363209621
126,test_performance_singlemodelFalse,False,0.9700359822738535,EnsembleSelection,146822,1,2,96,0.9764220352917385
127,test_performance_singlemodelFalse,True,,EnsembleSelection,146822,1,2,96,
128,test_performance_singlemodelFalse,False,0.9751665596740805,HistGradientBoostingClassifier,146822,2,2,96,0.9712701787171314
129,test_performance_singlemodelFalse,False,0.9700359822738535,RandomForestClassifier,146822,2,2,96,0.9740817546570234
130,test_performance_singlemodelFalse,False,0.9716607090289752,DecisionTreeClassifier,146822,2,2,96,0.9559105880790081
131,test_performance_singlemodelFalse,False,0.9578193205134766,LinearDiscriminantAnalysis,146822,2,2,96,0.9695391065623599
132,test_performance_singlemodelFalse,False,0.971844300537868,GradientBoostingClassifier,146822,2,2,96,0.9723905147741851
133,test_performance_singlemodelFalse,False,0.9699488344057082,MLPClassifier,146822,2,2,96,0.9701228347938267
134,test_performance_singlemodelFalse,False,0.968227664009839,EnsembleSelection,146822,2,2,96,0.9781874034467073
135,test_performance_singlemodelFalse,True,,EnsembleSelection,146822,2,2,96,
136,test_performance_singlemodelFalse,False,0.9716971118419597,HistGradientBoostingClassifier,146822,3,2,96,0.9683810179854334
137,test_performance_singlemodelFalse,False,0.971844300537868,RandomForestClassifier,146822,3,2,96,0.9683336733351179
138,test_performance_singlemodelFalse,False,0.9714534795053041,DecisionTreeClassifier,146822,3,2,96,0.9496184986753514
139,test_performance_singlemodelFalse,False,0.9629498979137037,LinearDiscriminantAnalysis,146822,3,2,96,0.9564156659780376
140,test_performance_singlemodelFalse,False,0.9753137483699886,GradientBoostingClassifier,146822,3,2,96,0.9683320335951258
141,test_performance_singlemodelFalse,False,0.9682877048376018,MLPClassifier,146822,3,2,96,0.9735525470876004
142,test_performance_singlemodelFalse,False,0.9701831709697615,EnsembleSelection,146822,3,2,96,0.9735525470876004
143,test_performance_singlemodelFalse,True,,EnsembleSelection,146822,3,2,96,
144,test_performance_singlemodelFalse,False,0.9721386779296841,HistGradientBoostingClassifier,146822,4,2,96,0.9694629372661101
145,test_performance_singlemodelFalse,False,0.971991489233776,RandomForestClassifier,146822,4,2,96,0.9694954814040972
146,test_performance_singlemodelFalse,False,0.966322902105077,DecisionTreeClassifier,146822,4,2,96,0.9541681457420521
147,test_performance_singlemodelFalse,False,0.9443466924597334,LinearDiscriminantAnalysis,146822,4,2,96,0.8924017005753916
148,test_performance_singlemodelFalse,False,0.9703303596656697,GradientBoostingClassifier,146822,4,2,96,0.9694610083642089
149,test_performance_singlemodelFalse,False,0.9701831709697615,MLPClassifier,146822,4,2,96,0.96496012144338
150,test_performance_singlemodelFalse,False,0.9703303596656697,EnsembleSelection,146822,4,2,96,0.9712355935550251
151,test_performance_singlemodelFalse,True,,EnsembleSelection,146822,4,2,96,
152,test_performance_singlemodelFalse,False,0.9719314484060132,HistGradientBoostingClassifier,146822,5,2,96,0.9637383600860353
153,test_performance_singlemodelFalse,False,0.9720786371019212,RandomForestClassifier,146822,5,2,96,0.9683479604411014
154,test_performance_singlemodelFalse,False,0.9651997822654427,DecisionTreeClassifier,146822,5,2,96,0.9449964018044535
155,test_performance_singlemodelFalse,False,0.9403427039247447,LinearDiscriminantAnalysis,146822,5,2,96,0.8921632677681729
156,test_performance_singlemodelFalse,False,0.9702339160249221,GradientBoostingClassifier,146822,5,2,96,0.963252376390748
157,test_performance_singlemodelFalse,False,0.9721386779296841,MLPClassifier,146822,5,2,96,0.9666672881721937
158,test_performance_singlemodelFalse,False,0.9721386779296841,EnsembleSelection,146822,5,2,96,0.9695278485023934
159,test_performance_singlemodelFalse,True,,EnsembleSelection,146822,5,2,96,
160,test_performance_singlemodelFalse,False,0.9683055161053821,HistGradientBoostingClassifier,146822,6,2,96,0.9655362074615184
161,test_performance_singlemodelFalse,False,0.9650704048373147,RandomForestClassifier,146822,6,2,96,0.9666817995226131
162,test_performance_singlemodelFalse,False,0.9616102527777961,DecisionTreeClassifier,146822,6,2,96,0.9529971855546986
163,test_performance_singlemodelFalse,False,0.9635893977524969,LinearDiscriminantAnalysis,146822,6,2,96,0.9527911896614255
164,test_performance_singlemodelFalse,False,0.9669751667420766,GradientBoostingClassifier,146822,6,2,96,0.9678203926116706
165,test_performance_singlemodelFalse,False,0.9704775483615778,MLPClassifier,146822,6,2,96,0.9649524320253068
166,test_performance_singlemodelFalse,False,0.9668880188739314,EnsembleSelection,146822,6,2,96,0.9689586965388192
167,test_performance_singlemodelFalse,True,,EnsembleSelection,146822,6,2,96,
168,test_performance_singlemodelTrue,False,0.9737126596296451,HistGradientBoostingClassifier,146822,0,2,96,0.9758436662923168
169,test_performance_singlemodelTrue,False,0.968227664009839,RandomForestClassifier,146822,0,2,96,0.9724394991644928
170,test_performance_singlemodelTrue,False,0.9629134951007191,DecisionTreeClassifier,146822,0,2,96,0.9586778746041335
171,test_performance_singlemodelTrue,False,0.900149019476704,LinearDiscriminantAnalysis,146822,0,2,96,0.9081109511044848
172,test_performance_singlemodelTrue,False,0.9575427543894406,GradientBoostingClassifier,146822,0,2,96,0.9706676151298433
173,test_performance_singlemodelTrue,False,0.9423375929387258,MLPClassifier,146822,0,2,96,0.9547129699803286
174,test_performance_singlemodelTrue,False,0.968227664009839,EnsembleSelection,146822,0,2,96,0.9792841232397124
175,test_performance_singlemodelTrue,True,,EnsembleSelection,146822,0,2,96,
176,test_performance_singlemodelTrue,False,0.9735654709337371,HistGradientBoostingClassifier,146822,1,2,96,0.9718033300230431
177,test_performance_singlemodelTrue,False,0.9615831457374137,RandomForestClassifier,146822,1,2,96,0.9683807288235243
178,test_performance_singlemodelTrue,False,0.9542534290406083,DecisionTreeClassifier,146822,1,2,96,0.9489315283639108
179,test_performance_singlemodelTrue,False,0.9039585432862278,LinearDiscriminantAnalysis,146822,1,2,96,0.9120845593577921
180,test_performance_singlemodelTrue,False,0.9665157893865718,GradientBoostingClassifier,146822,1,2,96,0.9678203276941976
181,test_performance_singlemodelTrue,False,0.9460506731075021,MLPClassifier,146822,1,2,96,0.9564205379932694
182,test_performance_singlemodelTrue,False,0.9614359570415055,EnsembleSelection,146822,1,2,96,0.976438363421841
183,test_performance_singlemodelTrue,True,,EnsembleSelection,146822,1,2,96,
184,test_performance_singlemodelTrue,False,0.9717571526697226,HistGradientBoostingClassifier,146822,2,2,96,0.9649112491752901
185,test_performance_singlemodelTrue,False,0.96324427530552,RandomForestClassifier,146822,2,2,96,0.9671950802460605
186,test_performance_singlemodelTrue,False,0.9537332305799167,DecisionTreeClassifier,146822,2,2,96,0.944366567378537
187,test_performance_singlemodelTrue,False,0.9039585432862278,LinearDiscriminantAnalysis,146822,2,2,96,0.9126537113213663
188,test_performance_singlemodelTrue,False,0.9663321978776792,GradientBoostingClassifier,146822,2,2,96,0.9672437754744593
189,test_performance_singlemodelTrue,False,0.9607050600315388,MLPClassifier,146822,2,2,96,0.9569969780907899
190,test_performance_singlemodelTrue,False,0.9697416048820371,EnsembleSelection,146822,2,2,96,0.9741053709210722
191,test_performance_singlemodelTrue,True,,EnsembleSelection,146822,2,2,96,
192,test_performance_singlemodelTrue,False,0.9755209778936597,HistGradientBoostingClassifier,146822,3,2,96,0.9562883204172017
193,test_performance_singlemodelTrue,False,0.954497061377264,RandomForestClassifier,146822,3,2,96,0.9648531598713532
194,test_performance_singlemodelTrue,False,0.9329215900567661,DecisionTreeClassifier,146822,3,2,96,0.935771086498768
195,test_performance_singlemodelTrue,False,0.2857142857142857,LinearDiscriminantAnalysis,146822,3,2,96,0.28392270940969716
196,test_performance_singlemodelTrue,False,0.9595947049901106,GradientBoostingClassifier,146822,3,2,96,0.9638467194408904
197,test_performance_singlemodelTrue,False,0.9554272939354035,MLPClassifier,146822,3,2,96,0.9570000333263385
198,test_performance_singlemodelTrue,False,0.9649054048736263,EnsembleSelection,146822,3,2,96,0.9752184188441797
199,test_performance_singlemodelTrue,True,,EnsembleSelection,146822,3,2,96,
200,test_performance_singlemodelTrue,False,0.9698887935779453,HistGradientBoostingClassifier,146822,4,2,96,0.9573594950442568
201,test_performance_singlemodelTrue,False,0.9600692048652155,RandomForestClassifier,146822,4,2,96,0.9632107273391316
202,test_performance_singlemodelTrue,False,0.9450460574794236,DecisionTreeClassifier,146822,4,2,96,0.9506328224543348
203,test_performance_singlemodelTrue,False,0.900149019476704,LinearDiscriminantAnalysis,146822,4,2,96,0.9081032616864118
204,test_performance_singlemodelTrue,False,0.9595947049901106,GradientBoostingClassifier,146822,4,2,96,0.9638464302789814
205,test_performance_singlemodelTrue,False,0.9587495530716161,MLPClassifier,146822,4,2,96,0.9535761936709545
206,test_performance_singlemodelTrue,False,0.9647582161777182,EnsembleSelection,146822,4,2,96,0.9718287630667751
207,test_performance_singlemodelTrue,True,,EnsembleSelection,146822,4,2,96,
208,test_performance_singlemodelTrue,False,0.968227664009839,HistGradientBoostingClassifier,146822,5,2,96,0.9562883204172017
209,test_performance_singlemodelTrue,False,0.9617303344333219,RandomForestClassifier,146822,5,2,96,0.9648947440054967
210,test_performance_singlemodelTrue,False,0.9319913574986265,DecisionTreeClassifier,146822,5,2,96,0.9546461980621023
211,test_performance_singlemodelTrue,False,0.9039585432862278,LinearDiscriminantAnalysis,146822,5,2,96,0.9126118380253139
212,test_performance_singlemodelTrue,False,0.964872471086246,GradientBoostingClassifier,146822,5,2,96,0.9644756004483938
213,test_performance_singlemodelTrue,False,0.9570884235035099,MLPClassifier,146822,5,2,96,0.9512572526924339
214,test_performance_singlemodelTrue,False,0.9561488951727682,EnsembleSelection,146822,5,2,96,0.97184626473527
215,test_performance_singlemodelTrue,True,,EnsembleSelection,146822,5,2,96,
216,test_performance_singlemodelTrue,False,0.9664193457458244,HistGradientBoostingClassifier,146822,6,2,96,0.9591104639710243
217,test_performance_singlemodelTrue,False,0.9614959978692684,RandomForestClassifier,146822,6,2,96,0.9637656571141956
218,test_performance_singlemodelTrue,False,0.926419214010675,DecisionTreeClassifier,146822,6,2,96,0.9535885551775216
219,test_performance_singlemodelTrue,False,0.9039585432862278,LinearDiscriminantAnalysis,146822,6,2,96,0.9120263579316371
220,test_performance_singlemodelTrue,False,0.9583751415097288,GradientBoostingClassifier,146822,6,2,96,0.961555311074265
221,test_performance_singlemodelTrue,False,0.9605578713356306,MLPClassifier,146822,6,2,96,0.9519192497883134
222,test_performance_singlemodelTrue,False,0.9515563275010129,EnsembleSelection,146822,6,2,96,0.9747576911529334
223,test_performance_singlemodelTrue,True,,EnsembleSelection,146822,6,2,96,
224,test_performance_singlemodelFalse,False,0.9737126596296451,HistGradientBoostingClassifier,146822,0,5,96,0.9786916441739982
225,test_performance_singlemodelFalse,False,0.968227664009839,RandomForestClassifier,146822,0,5,96,0.9706830588834625
226,test_performance_singlemodelFalse,False,0.9717571526697226,DecisionTreeClassifier,146822,0,5,96,0.9678173163609088
227,test_performance_singlemodelFalse,False,0.900149019476704,LinearDiscriminantAnalysis,146822,0,5,96,0.9086637749379565
228,test_performance_singlemodelFalse,False,0.9592639247853098,GradientBoostingClassifier,146822,0,5,96,0.9723593212142815
229,test_performance_singlemodelFalse,False,0.946243560388997,MLPClassifier,146822,0,5,96,0.9575646024365899
230,test_performance_singlemodelFalse,False,0.9700960231016164,EnsembleSelection,146822,0,5,96,0.9792607961375726
231,test_performance_singlemodelFalse,True,,EnsembleSelection,146822,0,5,96,
232,test_performance_singlemodelFalse,False,0.9786960483339643,HistGradientBoostingClassifier,146822,1,5,96,0.9746533017240988
233,test_performance_singlemodelFalse,False,0.9663321978776792,RandomForestClassifier,146822,1,5,96,0.9787334053478327
234,test_performance_singlemodelFalse,False,0.9661850091817711,DecisionTreeClassifier,146822,1,5,96,0.9666933467444885
235,test_performance_singlemodelFalse,False,0.9700359822738535,LinearDiscriminantAnalysis,146822,1,5,96,0.9758056508000668
236,test_performance_singlemodelFalse,False,0.9771821074617659,GradientBoostingClassifier,146822,1,5,96,0.9769675709912641
237,test_performance_singlemodelFalse,False,0.973418282237829,MLPClassifier,146822,1,5,96,0.9752695091760796
238,test_performance_singlemodelFalse,False,0.9699488344057082,EnsembleSelection,146822,1,5,96,0.9798627814010429
239,test_performance_singlemodelFalse,True,,EnsembleSelection,146822,1,5,96,
240,test_performance_singlemodelFalse,False,0.9767405413740416,HistGradientBoostingClassifier,146822,2,5,96,0.9775967411606764
241,test_performance_singlemodelFalse,False,0.9785488596380559,RandomForestClassifier,146822,2,5,96,0.9758892852699538
242,test_performance_singlemodelFalse,False,0.9766805005462788,DecisionTreeClassifier,146822,2,5,96,0.9747333026346192
243,test_performance_singlemodelFalse,False,0.971844300537868,LinearDiscriminantAnalysis,146822,2,5,96,0.9689666751188011
244,test_performance_singlemodelFalse,False,0.9786960483339643,GradientBoostingClassifier,146822,2,5,96,0.9753182044044781
245,test_performance_singlemodelFalse,False,0.9735654709337371,MLPClassifier,146822,2,5,96,0.9764256688511049
246,test_performance_singlemodelFalse,False,0.9803571779020704,EnsembleSelection,146822,2,5,96,0.9787913176120788
247,test_performance_singlemodelFalse,True,,EnsembleSelection,146822,2,5,96,
248,test_performance_singlemodelFalse,False,0.9786960483339643,HistGradientBoostingClassifier,146822,3,5,96,0.9764746532414125
249,test_performance_singlemodelFalse,False,0.9803571779020704,RandomForestClassifier,146822,3,5,96,0.9776366855548277
250,test_performance_singlemodelFalse,False,0.9785488596380559,DecisionTreeClassifier,146822,3,5,96,0.9730508135860284
251,test_performance_singlemodelFalse,False,0.9671552892253652,LinearDiscriminantAnalysis,146822,3,5,96,0.9666263944840862
252,test_performance_singlemodelFalse,False,0.9786960483339643,GradientBoostingClassifier,146822,3,5,96,0.9753363493142639
253,test_performance_singlemodelFalse,False,0.9785488596380559,MLPClassifier,146822,3,5,96,0.9724413159441759
254,test_performance_singlemodelFalse,False,0.9770349187658578,EnsembleSelection,146822,3,5,96,0.9787749894819763
255,test_performance_singlemodelFalse,True,,EnsembleSelection,146822,3,5,96,
256,test_performance_singlemodelFalse,False,0.9768877300699498,HistGradientBoostingClassifier,146822,4,5,96,0.9724579332361876
257,test_performance_singlemodelFalse,False,0.9803571779020704,RandomForestClassifier,146822,4,5,96,0.9764909813715151
258,test_performance_singlemodelFalse,False,0.9803571779020704,DecisionTreeClassifier,146822,4,5,96,0.9736378212974796
259,test_performance_singlemodelFalse,False,0.9595404909093458,LinearDiscriminantAnalysis,146822,4,5,96,0.9482683952584697
260,test_performance_singlemodelFalse,False,0.9803571779020704,GradientBoostingClassifier,146822,4,5,96,0.9759381575380434
261,test_performance_singlemodelFalse,False,0.9753737891977516,MLPClassifier,146822,4,5,96,0.9712469165324646
262,test_performance_singlemodelFalse,False,0.9803571779020704,EnsembleSelection,146822,4,5,96,0.977638502334511
263,test_performance_singlemodelFalse,True,,EnsembleSelection,146822,4,5,96,
264,test_performance_singlemodelFalse,False,0.9785488596380559,HistGradientBoostingClassifier,146822,5,5,96,0.9724323880702376
265,test_performance_singlemodelFalse,False,0.9803571779020704,RandomForestClassifier,146822,5,5,96,0.9741817172570129
266,test_performance_singlemodelFalse,False,0.9786960483339643,DecisionTreeClassifier,146822,5,5,96,0.9667264692062936
267,test_performance_singlemodelFalse,False,0.9614959978692684,LinearDiscriminantAnalysis,146822,5,5,96,0.96380788448963
268,test_performance_singlemodelFalse,False,0.9803571779020704,GradientBoostingClassifier,146822,5,5,96,0.9736288934235411
269,test_performance_singlemodelFalse,False,0.9803571779020704,MLPClassifier,146822,5,5,96,0.973621493167377
270,test_performance_singlemodelFalse,False,0.9803571779020704,EnsembleSelection,146822,5,5,96,0.9753526774443666
271,test_performance_singlemodelFalse,True,,EnsembleSelection,146822,5,5,96,
272,test_performance_singlemodelFalse,False,0.9803571779020704,HistGradientBoostingClassifier,146822,6,5,96,0.9695559008940623
273,test_performance_singlemodelFalse,False,0.9803571779020704,RandomForestClassifier,146822,6,5,96,0.9730434133298643
274,test_performance_singlemodelFalse,False,0.9786960483339643,DecisionTreeClassifier,146822,6,5,96,0.9672537478738155
275,test_performance_singlemodelFalse,False,0.96843489353351,LinearDiscriminantAnalysis,146822,6,5,96,0.9620768123348584
276,test_performance_singlemodelFalse,False,0.9786960483339643,GradientBoostingClassifier,146822,6,5,96,0.971879564236766
277,test_performance_singlemodelFalse,False,0.9803571779020704,MLPClassifier,146822,6,5,96,0.9724505329800234
278,test_performance_singlemodelFalse,False,0.9786960483339643,EnsembleSelection,146822,6,5,96,0.9730434133298643
279,test_performance_singlemodelFalse,True,,EnsembleSelection,146822,6,5,96,
280,test_performance_singlemodelTrue,False,0.9737126596296451,HistGradientBoostingClassifier,146822,0,5,96,0.9786916441739982
281,test_performance_singlemodelTrue,False,0.968227664009839,RandomForestClassifier,146822,0,5,96,0.9706830588834625
282,test_performance_singlemodelTrue,False,0.9717571526697226,DecisionTreeClassifier,146822,0,5,96,0.9678173163609088
283,test_performance_singlemodelTrue,False,0.900149019476704,LinearDiscriminantAnalysis,146822,0,5,96,0.9086637749379565
284,test_performance_singlemodelTrue,False,0.9592639247853098,GradientBoostingClassifier,146822,0,5,96,0.9723593212142815
285,test_performance_singlemodelTrue,False,0.9531824560532386,MLPClassifier,146822,0,5,96,0.9593892983513611
286,test_performance_singlemodelTrue,False,0.9737126596296451,EnsembleSelection,146822,0,5,96,0.9786916441739982
287,test_performance_singlemodelTrue,True,,EnsembleSelection,146822,0,5,96,
288,test_performance_singlemodelTrue,False,0.9738091032703926,HistGradientBoostingClassifier,146822,1,5,96,0.9752530040062861
289,test_performance_singlemodelTrue,False,0.9649654457013892,RandomForestClassifier,146822,1,5,96,0.9718810918545401
290,test_performance_singlemodelTrue,False,0.9629134951007191,DecisionTreeClassifier,146822,1,5,96,0.962660298609161
291,test_performance_singlemodelTrue,False,0.9039585432862278,LinearDiscriminantAnalysis,146822,1,5,96,0.9103533750808025
292,test_performance_singlemodelTrue,False,0.9628898570859408,GradientBoostingClassifier,146822,1,5,96,0.9689607375629382
293,test_performance_singlemodelTrue,False,0.9588002981267768,MLPClassifier,146822,1,5,96,0.961058337465707
294,test_performance_singlemodelTrue,False,0.973418282237829,EnsembleSelection,146822,1,5,96,0.9781156702780777
295,test_performance_singlemodelTrue,True,,EnsembleSelection,146822,1,5,96,
296,test_performance_singlemodelTrue,False,0.9750794118059353,HistGradientBoostingClassifier,146822,2,5,96,0.9706920988796187
297,test_performance_singlemodelTrue,False,0.9613488091733603,RandomForestClassifier,146822,2,5,96,0.9678407555852665
298,test_performance_singlemodelTrue,False,0.95600170647686,DecisionTreeClassifier,146822,2,5,96,0.9603638201723995
299,test_performance_singlemodelTrue,False,0.9039585432862278,LinearDiscriminantAnalysis,146822,2,5,96,0.9103533750808025
300,test_performance_singlemodelTrue,False,0.9616102527777961,GradientBoostingClassifier,146822,2,5,96,0.9672221530297846
301,test_performance_singlemodelTrue,False,0.9625133782955533,MLPClassifier,146822,2,5,96,0.9609752813196379
302,test_performance_singlemodelTrue,False,0.9680804753139308,EnsembleSelection,146822,2,5,96,0.9757823886154
303,test_performance_singlemodelTrue,True,,EnsembleSelection,146822,2,5,96,
304,test_performance_singlemodelTrue,False,0.975323044142591,HistGradientBoostingClassifier,146822,3,5,96,0.9684154910253217
305,test_performance_singlemodelTrue,False,0.9614959978692684,RandomForestClassifier,146822,3,5,96,0.9701336915696661
306,test_performance_singlemodelTrue,False,0.9615231049096508,DecisionTreeClassifier,146822,3,5,96,0.9631965051506212
307,test_performance_singlemodelTrue,False,0.2857142857142857,LinearDiscriminantAnalysis,146822,3,5,96,0.2832180120515612
308,test_performance_singlemodelTrue,False,0.9645416908814449,GradientBoostingClassifier,146822,3,5,96,0.9643527769478645
309,test_performance_singlemodelTrue,False,0.9625133782955533,MLPClassifier,146822,3,5,96,0.9621520020231634
310,test_performance_singlemodelTrue,False,0.9630970866096119,EnsembleSelection,146822,3,5,96,0.9735546530291925
311,test_performance_singlemodelTrue,True,,EnsembleSelection,146822,3,5,96,
312,test_performance_singlemodelTrue,False,0.9707118849256312,HistGradientBoostingClassifier,146822,4,5,96,0.966109282146368
313,test_performance_singlemodelTrue,False,0.9598348683011622,RandomForestClassifier,146822,4,5,96,0.9655222744349169
314,test_performance_singlemodelTrue,False,0.9503838644033217,DecisionTreeClassifier,146822,4,5,96,0.9586248553703324
315,test_performance_singlemodelTrue,False,0.900149019476704,LinearDiscriminantAnalysis,146822,4,5,96,0.9069831026690489
316,test_performance_singlemodelTrue,False,0.9664971978413676,GradientBoostingClassifier,146822,4,5,96,0.9615264004956444
317,test_performance_singlemodelTrue,False,0.9570884235035099,MLPClassifier,146822,4,5,96,0.9598280495185509
318,test_performance_singlemodelTrue,False,0.9667137231376408,EnsembleSelection,146822,4,5,96,0.9729528448054132
319,test_performance_singlemodelTrue,True,,EnsembleSelection,146822,4,5,96,
320,test_performance_singlemodelTrue,False,0.9672331413209083,HistGradientBoostingClassifier,146822,5,5,96,0.9637655449919775
321,test_performance_singlemodelTrue,False,0.9598348683011622,RandomForestClassifier,146822,5,5,96,0.9661166824025321
322,test_performance_singlemodelTrue,False,0.9438028559842635,DecisionTreeClassifier,146822,5,5,96,0.9545627196166931
323,test_performance_singlemodelTrue,False,0.9039585432862278,LinearDiscriminantAnalysis,146822,5,5,96,0.9097515668570233
324,test_performance_singlemodelTrue,False,0.9707482877386158,GradientBoostingClassifier,146822,5,5,96,0.9592170242589243
325,test_performance_singlemodelTrue,False,0.9570884235035099,MLPClassifier,146822,5,5,96,0.9615681616694788
326,test_performance_singlemodelTrue,False,0.9650525935695345,EnsembleSelection,146822,5,5,96,0.9735922934268475
327,test_performance_singlemodelTrue,True,,EnsembleSelection,146822,5,5,96,
328,test_performance_singlemodelTrue,False,0.9670859526250002,HistGradientBoostingClassifier,146822,6,5,96,0.9666944730781359
329,test_performance_singlemodelTrue,False,0.9616431865651766,RandomForestClassifier,146822,6,5,96,0.9661003542724297
330,test_performance_singlemodelTrue,False,0.9486119489522917,DecisionTreeClassifier,146822,6,5,96,0.9574739689946655
331,test_performance_singlemodelTrue,False,0.9039585432862278,LinearDiscriminantAnalysis,146822,6,5,96,0.9103370469507001
332,test_performance_singlemodelTrue,False,0.9601927555463454,GradientBoostingClassifier,146822,6,5,96,0.960866680007619
333,test_performance_singlemodelTrue,False,0.9570884235035099,MLPClassifier,146822,6,5,96,0.9586570893311973
334,test_performance_singlemodelTrue,False,0.9614359570415055,EnsembleSelection,146822,6,5,96,0.9741522283545744
335,test_performance_singlemodelTrue,True,,EnsembleSelection,146822,6,5,96,
336,test_performance_singlemodelFalse,False,0.9737126596296451,HistGradientBoostingClassifier,146822,0,10,96,0.9792936294374686
337,test_performance_singlemodelFalse,False,0.968227664009839,RandomForestClassifier,146822,0,10,96,0.970081250659683
338,test_performance_singlemodelFalse,False,0.9716099639738145,DecisionTreeClassifier,146822,0,10,96,0.967768444092819
339,test_performance_singlemodelFalse,False,0.900149019476704,LinearDiscriminantAnalysis,146822,0,10,96,0.9080782948442797
340,test_performance_singlemodelFalse,False,0.9610722430493243,GradientBoostingClassifier,146822,0,10,96,0.9729195453039173
341,test_performance_singlemodelFalse,False,0.9477575012611952,MLPClassifier,146822,0,10,96,0.9633361229828531
342,test_performance_singlemodelFalse,False,0.9700960231016164,EnsembleSelection,146822,0,10,96,0.9798627814010429
343,test_performance_singlemodelFalse,True,,EnsembleSelection,146822,0,10,96,
344,test_performance_singlemodelFalse,False,0.9752266005018433,HistGradientBoostingClassifier,146822,1,10,96,0.9770188383628547
345,test_performance_singlemodelFalse,False,0.9768877300699498,RandomForestClassifier,146822,1,10,96,0.97815532551032
346,test_performance_singlemodelFalse,False,0.9731239048460126,DecisionTreeClassifier,146822,1,10,96,0.9736364058019232
347,test_performance_singlemodelFalse,False,0.9770349187658578,LinearDiscriminantAnalysis,146822,1,10,96,0.9752437869704387
348,test_performance_singlemodelFalse,False,0.973418282237829,GradientBoostingClassifier,146822,1,10,96,0.9776022125149394
349,test_performance_singlemodelFalse,False,0.9716099639738145,MLPClassifier,146822,1,10,96,0.9792773013073661
350,test_performance_singlemodelFalse,False,0.9699488344057082,EnsembleSelection,146822,1,10,96,0.9792680842715188
351,test_performance_singlemodelFalse,True,,EnsembleSelection,146822,1,10,96,
352,test_performance_singlemodelFalse,False,0.9698016457098,HistGradientBoostingClassifier,146822,2,10,96,0.974156461252972
